0	0	0	0	0	0	0	0	0.00012341	0	0	0	0	0	0	0	0	
0	0	0	0	0	0	0	3.08244e-005	0.00016617	3.08244e-005	0	0	0	0	0	0	0	
0	0	0	0	0	0	7.69907e-006	8.77553e-005	0.00022263	8.77553e-005	7.69907e-006	0	0	0	0	0	0	
0	0	0	0	0	1.92301e-006	3.3471e-005	0.000158378	0.000296786	0.000158378	3.3471e-005	1.92301e-006	0	0	0	0	0	
0	0	0	0	4.80316e-007	1.12455e-005	8.25614e-005	0.000232373	0.000393669	0.000232373	8.25614e-005	1.12455e-005	4.80316e-007	0	0	0	0	
0	0	0	1.1997e-007	3.52951e-006	3.56919e-005	0.000151258	0.000309237	0.000519575	0.000309237	0.000151258	3.56919e-005	3.52951e-006	1.1997e-007	0	0	0	
0	0	2.67763e-008	1.06179e-006	1.37604e-005	8.09703e-005	0.000230548	0.000399178	0.000682329	0.000399178	0.000230548	8.09703e-005	1.37604e-005	1.06179e-006	2.67763e-008	0	0	
0	1.51685e-009	2.8008e-007	4.91868e-006	3.76067e-005	0.000146822	0.000314597	0.000517724	0.000891595	0.000517724	0.000314597	0.000146822	3.76067e-005	4.91868e-006	2.8008e-007	1.51685e-009	0	
0	1.84315e-008	1.52299e-006	1.579e-005	8.05673e-005	0.0002273	0.000407476	0.000678916	0.00115923	0.000678916	0.000407476	0.0002273	8.05673e-005	1.579e-005	1.52299e-006	1.84315e-008	0	
0	1.16272e-007	5.70826e-006	3.93041e-005	0.000143998	0.000316131	0.00052315	0.00089228	0.00149969	0.00089228	0.00052315	0.000316131	0.000143998	3.93041e-005	5.70826e-006	1.16272e-007	0	
0	5.05724e-007	1.65108e-005	8.06421e-005	0.000224274	0.000413676	0.000679315	0.00116516	0.00193046	0.00116516	0.000679315	0.000413676	0.000224274	8.06421e-005	1.65108e-005	5.05724e-007	0	
0	1.70052e-006	3.91582e-005	0.000141968	0.000315981	0.000530262	0.000890481	0.00150784	0.00247257	0.00150784	0.000890481	0.000530262	0.000315981	0.000141968	3.91582e-005	1.70052e-006	0	
0	4.70246e-006	7.91043e-005	0.0002213	0.000417747	0.0006833	0.00116587	0.00193728	0.00315111	0.00193728	0.00116587	0.0006833	0.000417747	0.0002213	7.91043e-005	4.70246e-006	0	
0	1.1117e-005	0.000139845	0.000314511	0.000536773	0.000890543	0.00151341	0.00247723	0.00399585	0.00247723	0.00151341	0.000890543	0.000536773	0.000314511	0.000139845	1.1117e-005	0	
0	2.30821e-005	0.000221156	0.000420049	0.000688647	0.001165	0.0019461	0.00315575	0.00504177	0.00315575	0.0019461	0.001165	0.000688647	0.000420049	0.000221156	2.30821e-005	0	
0	4.29589e-005	0.00031939	0.000543544	0.000892411	0.00151557	0.00248584	0.00400321	0.00632972	0.00400321	0.00248584	0.00151557	0.000892411	0.000543544	0.00031939	4.29589e-005	0	
0	7.28815e-005	0.000430627	0.000698853	0.00116469	0.00195284	0.00316222	0.00505277	0.00790706	0.00505277	0.00316222	0.00195284	0.00116469	0.000698853	0.000430627	7.28815e-005	0	
0	0.000114414	0.000555555	0.000904346	0.00151747	0.00249532	0.00400875	0.00634305	0.0098282	0.00634305	0.00400875	0.00249532	0.00151747	0.000904346	0.000555555	0.000114414	0	
0	0.000168594	0.000703412	0.00117693	0.00196135	0.00317158	0.0050603	0.00792078	0.0121552	0.00792078	0.0050603	0.00317158	0.00196135	0.00117693	0.000703412	0.000168594	0	
0	0.000236501	0.000892276	0.00152858	0.00251159	0.0040173	0.00635457	0.00984167	0.0149582	0.00984167	0.00635457	0.0040173	0.00251159	0.00152858	0.000892276	0.000236501	0	
0	0.000320189	0.00114512	0.0019687	0.00319238	0.00507072	0.00793604	0.0121695	0.0183157	0.0121695	0.00793604	0.00507072	0.00319238	0.0019687	0.00114512	0.000320189	0	
0	0.000423606	0.00148393	0.00251119	0.00403669	0.00637067	0.00985924	0.0149751	0.0223149	0.0149751	0.00985924	0.00637067	0.00403669	0.00251119	0.00148393	0.000423606	0	
0	0.000553093	0.00192581	0.00318123	0.00508293	0.007959	0.0121889	0.0183362	0.0270519	0.0183362	0.0121889	0.007959	0.00508293	0.00318123	0.00192581	0.000553093	0	
0	0.000717297	0.00248401	0.00401657	0.00637255	0.00988548	0.0149975	0.0223388	0.0326308	0.0223388	0.0149975	0.00988548	0.00637255	0.00401657	0.00248401	0.000717297	0	
0	0.000926686	0.00317356	0.00506241	0.00795113	0.0122114	0.0183629	0.0270783	0.0391639	0.0270783	0.0183629	0.0122114	0.00795113	0.00506241	0.00317356	0.000926686	0	
0	0.00119314	0.00401801	0.00636401	0.00987228	0.0150096	0.0223687	0.0326597	0.0467706	0.0326597	0.0223687	0.0150096	0.00987228	0.00636401	0.00401801	0.00119314	0	
0	0.00153001	0.00505312	0.00796345	0.0122003	0.0183628	0.0271068	0.0391951	0.0555762	0.0391951	0.0271068	0.0183628	0.0122003	0.00796345	0.00505312	0.00153001	0	
0	0.00195271	0.00632556	0.0099036	0.0150093	0.0223608	0.0326802	0.0468028	0.0657103	0.0468028	0.0326802	0.0223608	0.0150093	0.0099036	0.00632556	0.00195271	0	
0	0.00247968	0.00788828	0.012237	0.0183793	0.0271001	0.0392036	0.0556056	0.0773048	0.0556056	0.0392036	0.0271001	0.0183793	0.012237	0.00788828	0.00247968	0	
0	0.0031332	0.0097966	0.0150326	0.0223932	0.0326843	0.0468006	0.0657315	0.0904915	0.0657315	0.0468006	0.0326843	0.0223932	0.0150326	0.0097966	0.0031332	0	
0	0.00393989	0.0121081	0.0183765	0.0271391	0.0392239	0.0556001	0.0773133	0.105399	0.0773133	0.0556001	0.0392239	0.0271391	0.0183765	0.0121081	0.00393989	0	
0	0.00493082	0.0148861	0.0223645	0.0327148	0.0468355	0.0657327	0.0904869	0.122151	0.0904869	0.0657327	0.0468355	0.0327148	0.0223645	0.0148861	0.00493082	0	
0	0.00614161	0.0182044	0.0270956	0.0392322	0.0556401	0.0773282	0.105386	0.140858	0.105386	0.0773282	0.0556401	0.0392322	0.0270956	0.0182044	0.00614161	0	
0	0.00761272	0.0221495	0.0326682	0.0468165	0.0657635	0.0905147	0.122138	0.161621	0.122138	0.0905147	0.0657635	0.0468165	0.0326682	0.0221495	0.00761272	0	
0	0.00939002	0.0268184	0.0391845	0.0555993	0.0773367	0.105418	0.140852	0.18452	0.140852	0.105418	0.0773367	0.0555993	0.0391845	0.0268184	0.00939002	0	
0	0.0115254	0.0323155	0.0467563	0.0657116	0.0904943	0.122157	0.161623	0.209611	0.161623	0.122157	0.0904943	0.0657116	0.0467563	0.0323155	0.0115254	0	
0	0.0140771	0.0387496	0.0555082	0.0772794	0.10537	0.140846	0.184523	0.236928	0.184523	0.140846	0.10537	0.0772794	0.0555082	0.0387496	0.0140771	0	
0	0.01711	0.0462335	0.065574	0.0904257	0.122091	0.161583	0.209602	0.266468	0.209602	0.161583	0.122091	0.0904257	0.065574	0.0462335	0.01711	0	
0	0.0206951	0.0548855	0.0770891	0.105274	0.140766	0.18445	0.236892	0.298197	0.236892	0.18445	0.140766	0.105274	0.0770891	0.0548855	0.0206951	0	
0	0.0249092	0.0648307	0.090183	0.121947	0.161488	0.209505	0.266395	0.33204	0.266395	0.209505	0.161488	0.121947	0.090183	0.0648307	0.0249092	0	
0	0.0298349	0.076199	0.104977	0.140563	0.184326	0.236775	0.298085	0.36788	0.298085	0.236775	0.184326	0.140563	0.104977	0.076199	0.0298349	0	
0	0.0355596	0.0891207	0.121586	0.161221	0.209334	0.266259	0.331894	0.405555	0.331894	0.266259	0.209334	0.161221	0.121586	0.0891207	0.0355596	0	
0	0.0421755	0.103722	0.140117	0.183997	0.236543	0.297919	0.367708	0.444858	0.367708	0.297919	0.236543	0.183997	0.140117	0.103722	0.0421755	0	
0	0.0497777	0.120119	0.160668	0.208937	0.265958	0.33168	0.405361	0.485537	0.405361	0.33168	0.265958	0.208937	0.160668	0.120119	0.0497777	0	
0	0.0584633	0.13842	0.183318	0.236063	0.297545	0.367429	0.444635	0.527293	0.444635	0.367429	0.297545	0.236063	0.183318	0.13842	0.0584633	0	
0	0.0683291	0.158716	0.208123	0.265372	0.331231	0.405007	0.485272	0.569783	0.485272	0.405007	0.331231	0.265372	0.208123	0.158716	0.0683291	0	
0	0.0794695	0.181084	0.235104	0.296831	0.366895	0.444206	0.526968	0.612626	0.526968	0.444206	0.366895	0.296831	0.235104	0.181084	0.0794695	0	
0	0.0919738	0.205578	0.264256	0.330372	0.404368	0.484766	0.569388	0.655406	0.569388	0.484766	0.404368	0.330372	0.264256	0.205578	0.0919738	0	
0	0.105924	0.232227	0.295539	0.365882	0.44344	0.526382	0.612157	0.697676	0.612157	0.526382	0.44344	0.365882	0.295539	0.232227	0.105924	0	
0	0.121391	0.261027	0.328881	0.403194	0.483858	0.568705	0.654862	0.738968	0.654862	0.568705	0.483858	0.403194	0.328881	0.261027	0.121391	0	
0	0.138434	0.291946	0.364172	0.442092	0.52532	0.611356	0.697055	0.778801	0.697055	0.611356	0.52532	0.442092	0.364172	0.291946	0.138434	0	
0	0.157092	0.324912	0.401253	0.482316	0.567483	0.653922	0.73826	0.816686	0.73826	0.653922	0.567483	0.482316	0.401253	0.324912	0.157092	0	
0	0.177389	0.359818	0.439915	0.523565	0.609964	0.695963	0.777989	0.852144	0.777989	0.695963	0.609964	0.523565	0.439915	0.359818	0.177389	0	
0	0.199321	0.396514	0.479903	0.565501	0.652345	0.737012	0.815752	0.884706	0.815752	0.737012	0.652345	0.565501	0.479903	0.396514	0.199321	0	
0	0.222864	0.434802	0.520915	0.607748	0.694182	0.776581	0.851071	0.913931	0.851071	0.776581	0.694182	0.607748	0.520915	0.434802	0.222864	0	
0	0.247962	0.474436	0.562616	0.649896	0.735012	0.814174	0.883485	0.939413	0.883485	0.814174	0.735012	0.649896	0.562616	0.474436	0.247962	0	
0	0.274529	0.515123	0.604636	0.691503	0.774354	0.849307	0.912556	0.960789	0.912556	0.849307	0.774354	0.691503	0.604636	0.515123	0.274529	0	
0	0.302447	0.55653	0.646576	0.732107	0.811723	0.881516	0.937877	0.977751	0.937877	0.881516	0.811723	0.732107	0.646576	0.55653	0.302447	0	
0	0.331563	0.598292	0.688001	0.771234	0.846639	0.910371	0.95908	0.99005	0.95908	0.910371	0.846639	0.771234	0.688001	0.598292	0.331563	0	
0	0.36169	0.640013	0.728456	0.808405	0.878639	0.935473	0.975852	0.997503	0.975852	0.935473	0.878639	0.808405	0.728456	0.640013	0.36169	0	
0	0.392606	0.681275	0.767468	0.84315	0.907292	0.956465	0.987946	1	0.987946	0.956465	0.907292	0.84315	0.767468	0.681275	0.392606	0	
0	0.424057	0.721636	0.804561	0.875013	0.932207	0.973039	0.995188	0.997503	0.995188	0.973039	0.932207	0.875013	0.804561	0.721636	0.424057	0	
0	0.455763	0.760639	0.839273	0.903564	0.953035	0.984946	0.997476	0.99005	0.997476	0.984946	0.953035	0.903564	0.839273	0.760639	0.455763	0	
0	0.487416	0.797816	0.871158	0.928413	0.969476	0.992012	0.994779	0.977751	0.994779	0.992012	0.969476	0.928413	0.871158	0.797816	0.487416	0	
0	0.518686	0.832703	0.899803	0.949218	0.98129	0.99414	0.987138	0.960789	0.987138	0.99414	0.98129	0.949218	0.899803	0.832703	0.518686	0	
0	0.549228	0.864849	0.924822	0.965691	0.988303	0.99131	0.974665	0.939413	0.974665	0.99131	0.988303	0.965691	0.924822	0.864849	0.549228	0	
0	0.578685	0.893831	0.945875	0.977604	0.990419	0.983572	0.957544	0.913931	0.957544	0.983572	0.990419	0.977604	0.945875	0.893831	0.578685	0	
0	0.606697	0.919265	0.962666	0.984793	0.987624	0.971043	0.936031	0.884706	0.936031	0.971043	0.987624	0.984793	0.962666	0.919265	0.606697	0	
0	0.632905	0.940807	0.974961	0.987162	0.97998	0.95391	0.910444	0.852144	0.910444	0.95391	0.97998	0.987162	0.974961	0.940807	0.632905	0	
0	0.656964	0.958162	0.982588	0.98469	0.967619	0.932432	0.881151	0.816686	0.881151	0.932432	0.967619	0.98469	0.982588	0.958162	0.656964	0	
0	0.678545	0.971089	0.985451	0.977429	0.950733	0.906935	0.848565	0.778801	0.848565	0.906935	0.950733	0.977429	0.985451	0.971089	0.678545	0	
0	0.697346	0.979407	0.983524	0.965503	0.929575	0.877797	0.813134	0.738968	0.813134	0.877797	0.929575	0.965503	0.983524	0.979407	0.697346	0	
0	0.7131	0.982999	0.976857	0.949105	0.904458	0.845442	0.775329	0.697676	0.775329	0.845442	0.904458	0.949105	0.976857	0.982999	0.7131	0	
0	0.725575	0.98182	0.965563	0.928487	0.875753	0.810314	0.735641	0.655406	0.735641	0.810314	0.875753	0.928487	0.965563	0.98182	0.725575	0	
0	0.734586	0.975897	0.949819	0.903958	0.843874	0.77288	0.694564	0.612626	0.694564	0.77288	0.843874	0.903958	0.949819	0.975897	0.734586	0	
0	0.739999	0.96533	0.92986	0.875876	0.80927	0.733617	0.652582	0.569783	0.652582	0.733617	0.80927	0.875876	0.92986	0.96533	0.739999	0	
0	0.741729	0.950281	0.905975	0.844642	0.772407	0.69301	0.61016	0.527292	0.61016	0.69301	0.772407	0.844642	0.905975	0.950281	0.741729	0	
0	0.739749	0.930975	0.878506	0.810685	0.733755	0.65154	0.567733	0.485537	0.567733	0.65154	0.733755	0.810685	0.878506	0.930975	0.739749	0	
0	0.734087	0.907688	0.847839	0.774452	0.693783	0.609672	0.525709	0.444858	0.525709	0.609672	0.693783	0.774452	0.847839	0.907688	0.734087	0	
0	0.724828	0.880747	0.814394	0.736401	0.652951	0.567842	0.484462	0.405554	0.484462	0.567842	0.652951	0.736401	0.814394	0.880747	0.724828	0	
0	0.712107	0.850521	0.778609	0.696986	0.611705	0.526443	0.444332	0.367879	0.444332	0.526443	0.611705	0.696986	0.778609	0.850521	0.712107	0	
0	0.69611	0.817415	0.740931	0.656658	0.570464	0.485831	0.405615	0.33204	0.405615	0.485831	0.570464	0.656658	0.740931	0.817415	0.69611	0	
0	0.677069	0.781864	0.701803	0.61585	0.529613	0.446323	0.368557	0.298197	0.368557	0.446323	0.529613	0.61585	0.701803	0.781864	0.677069	0	
0	0.655254	0.744315	0.661664	0.574971	0.489498	0.408194	0.333349	0.266468	0.333349	0.408194	0.489498	0.574971	0.661664	0.744315	0.655254	0	
0	0.630969	0.705219	0.620938	0.534397	0.450424	0.371679	0.30013	0.236928	0.30013	0.371679	0.450424	0.534397	0.620938	0.705219	0.630969	0	
0	0.604544	0.665021	0.580037	0.494464	0.412656	0.336961	0.268996	0.209611	0.268996	0.336961	0.412656	0.494464	0.580037	0.665021	0.604544	0	
0	0.57633	0.624152	0.539343	0.455471	0.376415	0.304174	0.240005	0.184519	0.240005	0.304174	0.376415	0.455471	0.539343	0.624152	0.57633	0	
0	0.546686	0.583024	0.499206	0.417682	0.341876	0.273403	0.213183	0.161621	0.213183	0.273403	0.341876	0.417682	0.499206	0.583024	0.546686	0	
0	0.515974	0.542028	0.459932	0.381321	0.309168	0.244693	0.188523	0.140858	0.188523	0.244693	0.309168	0.381321	0.459932	0.542028	0.515974	0	
0	0.484553	0.501526	0.421789	0.346572	0.278378	0.218058	0.165988	0.122151	0.165988	0.218058	0.278378	0.346572	0.421789	0.501526	0.484553	0	
0	0.452768	0.461843	0.38501	0.313578	0.249555	0.193484	0.145509	0.105399	0.145509	0.193484	0.249555	0.313578	0.38501	0.461843	0.452768	0	
0	0.420951	0.423268	0.349787	0.282435	0.222718	0.170932	0.126995	0.0904914	0.126995	0.170932	0.222718	0.282435	0.349787	0.423268	0.420951	0	
0	0.389407	0.38605	0.316278	0.253198	0.197862	0.15034	0.110337	0.0773047	0.110337	0.15034	0.197862	0.253198	0.316278	0.38605	0.389407	0	
0	0.358416	0.350395	0.284603	0.225896	0.174957	0.131627	0.0954202	0.0657102	0.0954202	0.131627	0.174957	0.225896	0.284603	0.350395	0.358416	0	
0	0.328228	0.316472	0.254838	0.200534	0.153953	0.114692	0.0821261	0.0555762	0.0821261	0.114692	0.153953	0.200534	0.254838	0.316472	0.328228	0	
0	0.299061	0.284411	0.227028	0.177101	0.134777	0.0994302	0.0703348	0.0467706	0.0703348	0.0994302	0.134777	0.177101	0.227028	0.284411	0.299061	0	
0	0.271097	0.2543	0.201186	0.155567	0.117344	0.0857295	0.059925	0.0391639	0.059925	0.0857295	0.117344	0.155567	0.201186	0.2543	0.271097	0	
0	0.244486	0.226194	0.177309	0.135881	0.101561	0.0734799	0.0507749	0.0326308	0.0507749	0.0734799	0.101561	0.135881	0.177309	0.226194	0.244486	0	
0	0.219342	0.200112	0.155373	0.11797	0.0873369	0.0625732	0.042764	0.0270519	0.042764	0.0625732	0.0873369	0.11797	0.155373	0.200112	0.219342	0	
0	0.195747	0.176051	0.135337	0.10175	0.0745785	0.052904	0.0357765	0.0223149	0.0357765	0.052904	0.0745785	0.10175	0.135337	0.176051	0.195747	0	
0	0.173754	0.153984	0.117137	0.0871324	0.0631931	0.0443705	0.0297046	0.0183157	0.0297046	0.0443705	0.0631931	0.0871324	0.117137	0.153984	0.173754	0	
0	0.153384	0.133868	0.100695	0.0740297	0.0530857	0.0368752	0.0244512	0.0149582	0.0244512	0.0368752	0.0530857	0.0740297	0.100695	0.133868	0.153384	0	
0	0.134637	0.115641	0.0859176	0.062356	0.0441606	0.0303257	0.0199299	0.0121552	0.0199299	0.0303257	0.0441606	0.062356	0.0859176	0.115641	0.134637	0	
0	0.11749	0.0992254	0.0727127	0.0520226	0.0363246	0.0246351	0.0160632	0.0098282	0.0160632	0.0246351	0.0363246	0.0520226	0.0727127	0.0992254	0.11749	0	
0	0.101901	0.0845272	0.0609894	0.0429361	0.0294899	0.0197233	0.0127803	0.00790706	0.0127803	0.0197233	0.0294899	0.0429361	0.0609894	0.0845272	0.101901	0	
0	0.0878151	0.0714432	0.0506582	0.0350003	0.0235741	0.0155167	0.0100143	0.00632972	0.0100143	0.0155167	0.0235741	0.0350003	0.0506582	0.0714432	0.0878151	0	
0	0.0751639	0.0598675	0.0416255	0.0281215	0.0184999	0.0119483	0.00770237	0.00504177	0.00770237	0.0119483	0.0184999	0.0281215	0.0416255	0.0598675	0.0751639	0	
0	0.0638698	0.0496957	0.0337906	0.0222124	0.0141924	0.00895577	0.0057864	0.00399585	0.0057864	0.00895577	0.0141924	0.0222124	0.0337906	0.0496957	0.0638698	0	
0	0.0538489	0.0408259	0.0270477	0.017192	0.0105802	0.00647959	0.00421482	0.00315111	0.00421482	0.00647959	0.0105802	0.017192	0.0270477	0.0408259	0.0538489	0	
0	0.0450137	0.0331564	0.0212935	0.0129819	0.00759518	0.00446194	0.00294323	0.00247257	0.00294323	0.00446194	0.00759518	0.0129819	0.0212935	0.0331564	0.0450137	0	
0	0.0372753	0.0265838	0.0164331	0.00950227	0.00517305	0.00284756	0.00193342	0.00193046	0.00193342	0.00284756	0.00517305	0.00950227	0.0164331	0.0265838	0.0372753	0	
0	0.0305456	0.0210033	0.0123823	0.00667248	0.0032514	0.00158569	0.00115119	0.00149969	0.00115119	0.00158569	0.0032514	0.00667248	0.0123823	0.0210033	0.0305456	0	
0	0.0247377	0.0163124	0.00906265	0.00441437	0.00176819	0.000631345	0.000564532	0.00115923	0.000564532	0.000631345	0.00176819	0.00441437	0.00906265	0.0163124	0.0247377	0	
0	0.0197673	0.0124148	0.00639585	0.00265632	0.000661968	-5.57362e-005	0.0001431	0.000891595	0.0001431	-5.57362e-005	0.000661968	0.00265632	0.00639585	0.0124148	0.0197673	0	
0	0.0155531	0.00922319	0.00430083	0.00133417	-0.00012538	-0.000513891	-0.000141042	0.000682329	-0.000141042	-0.000513891	-0.00012538	0.00133417	0.00430083	0.00922319	0.0155531	0	
0	0.0120173	0.0066577	0.0026963	0.000388455	-0.000645212	-0.000781879	-0.000312657	0.000519575	-0.000312657	-0.000781879	-0.000645212	0.000388455	0.0026963	0.0066577	0.0120173	0	
0	0.00908696	0.00464306	0.00150657	-0.000239006	-0.000940999	-0.000898533	-0.000393601	0.000393669	-0.000393601	-0.000898533	-0.000940999	-0.000239006	0.00150657	0.00464306	0.00908696	0	
0	0.0066935	0.00310587	0.000665945	-0.000605807	-0.00105084	-0.000899676	-0.000404025	0.000296786	-0.000404025	-0.000899676	-0.00105084	-0.000605807	0.000665945	0.00310587	0.0066935	0	
0	0.00477327	0.00197448	0.000118778	-0.000766117	-0.00101177	-0.000814775	-0.000363206	0.00022263	-0.000363206	-0.000814775	-0.00101177	-0.000766117	0.000118778	0.00197448	0.00477327	0	
0	0.00326701	0.00118129	-0.000184153	-0.000766761	-0.000862135	-0.000666289	-0.000288851	0.00016617	-0.000288851	-0.000666289	-0.000862135	-0.000766761	-0.000184153	0.00118129	0.00326701	0	
0	0.00211947	0.000665717	-0.000289667	-0.000645708	-0.000639764	-0.000472445	-0.000195117	0.00012341	-0.000195117	-0.000472445	-0.000639764	-0.000645708	-0.000289667	0.000665717	0.00211947	0	
0	0.00127924	0.000375637	-0.000243414	-0.000434241	-0.000377086	-0.000251125	-9.10935e-005	9.1196e-005	-9.10935e-005	-0.000251125	-0.000377086	-0.000434241	-0.000243414	0.000375637	0.00127924	0	
0	0.000698645	0.00026671	-8.79247e-005	-0.000160835	-9.72221e-005	-2.12946e-005	1.84895e-005	6.70548e-005	1.84895e-005	-2.12946e-005	-9.72221e-005	-0.000160835	-8.79247e-005	0.00026671	0.000698645	0	
0	0.000333987	0.000300219	0.000140425	0.000146671	0.000185718	0.000199508	0.000130266	4.90584e-005	0.000130266	0.000199508	0.000185718	0.000146671	0.000140425	0.000300219	0.000333987	0	
0	0.000145592	0.000441039	0.000412935	0.000462369	0.000462349	0.000399572	0.000239054	3.57129e-005	0.000239054	0.000399572	0.000462349	0.000462369	0.000412935	0.000441039	0.000145592	0	
0	9.78112e-005	0.000656843	0.000707663	0.000765716	0.000723306	0.000575222	0.000337146	2.58681e-005	0.000337146	0.000575222	0.000723306	0.000765716	0.000707663	0.000656843	9.78112e-005	0	
0	0.000158844	0.000918555	0.00100717	0.00104397	0.000957868	0.000728395	0.000416954	1.86438e-005	0.000416954	0.000728395	0.000957868	0.00104397	0.00100717	0.000918555	0.000158844	0	
0	0.000300488	0.00120131	0.00129678	0.00129153	0.00115662	0.000861095	0.000475065	1.337e-005	0.000475065	0.000861095	0.00115662	0.00129153	0.00129678	0.00120131	0.000300488	0	
0	0.000497907	0.0014851	0.00156433	0.0015067	0.00131525	0.000971188	0.000514276	9.54017e-006	0.000514276	0.000971188	0.00131525	0.0015067	0.00156433	0.0014851	0.000497907	0	
0	0.000729476	0.0017548	0.00180079	0.00168845	0.00143577	0.0010531	0.000541543	6.77345e-006	0.000541543	0.0010531	0.00143577	0.00168845	0.00180079	0.0017548	0.000729476	0	
0	0.000976693	0.00199973	0.00200077	0.00183515	0.00152381	0.00110281	0.000563011	4.78512e-006	0.000563011	0.00110281	0.00152381	0.00183515	0.00200077	0.00199973	0.000976693	0	
0	0.00122412	0.0022129	0.00216212	0.00194545	0.00158447	0.00112286	0.000579877	3.3636e-006	0.000579877	0.00112286	0.00158447	0.00194545	0.00216212	0.0022129	0.00122412	0	
0	0.00145933	0.00239036	0.00228494	0.0020197	0.00161999	0.00112258	0.000588367	2.35258e-006	0.000588367	0.00112258	0.00161999	0.0020197	0.00228494	0.00239036	0.00145933	0	
0	0.00167281	0.00253042	0.00237063	0.00206037	0.00163111	0.0011131	0.000583917	1.63724e-006	0.000583917	0.0011131	0.00163111	0.00206037	0.00237063	0.00253042	0.00167281	0	
0	0.00185775	0.00263294	0.00242139	0.00207131	0.00162006	0.00110084	0.000566207	1.13373e-006	0.000566207	0.00110084	0.00162006	0.00207131	0.00242139	0.00263294	0.00185775	0	
0	0.00200985	0.00269878	0.00244005	0.00205699	0.00159204	0.00108473	0.000540893	7.81149e-007	0.000540893	0.00108473	0.00159204	0.00205699	0.00244005	0.00269878	0.00200985	0	
0	0.00212698	0.00272937	0.00242998	0.0020222	0.00155343	0.00105949	0.000516509	5.35535e-007	0.000516509	0.00105949	0.00155343	0.0020222	0.00242998	0.00272937	0.00212698	0	
0	0.0022088	0.00272672	0.00239499	0.00197219	0.00150854	0.00102201	0.00049887	3.65317e-007	0.00049887	0.00102201	0.00150854	0.00197219	0.00239499	0.00272672	0.0022088	0	
0	0.00225635	0.00269354	0.00233924	0.00191197	0.00145793	0.00097538	0.000487383	2.47959e-007	0.000487383	0.00097538	0.00145793	0.00191197	0.00233924	0.00269354	0.00225635	0	
0	0.00227176	0.00263334	0.00226708	0.00184507	0.0014002	0.000927396	0.000476112	1.67464e-007	0.000476112	0.000927396	0.0014002	0.00184507	0.00226708	0.00263334	0.00227176	0	
0	0.00225791	0.00255057	0.00218265	0.00177246	0.00133549	0.000884787	0.000458681	1.12535e-007	0.000458681	0.000884787	0.00133549	0.00177246	0.00218265	0.00255057	0.00225791	0	
0	0.00221818	0.0024504	0.00208917	0.00169316	0.00126735	0.000848322	0.000433142	7.52461e-008	0.000433142	0.000848322	0.00126735	0.00169316	0.00208917	0.0024504	0.00221818	0	
0	0.00215636	0.00233811	0.00198838	0.00160642	0.0012009	0.000812817	0.000403135	5.00622e-008	0.000403135	0.000812817	0.0012009	0.00160642	0.00198838	0.00233811	0.00215636	0	
0	0.00207645	0.00221823	0.0018808	0.00151379	0.00113881	0.000771919	0.000374776	3.31408e-008	0.000374776	0.000771919	0.00113881	0.00151379	0.0018808	0.00221823	0.00207645	0	
0	0.00198254	0.00209374	0.00176698	0.00141918	0.00107874	0.000723464	0.000352012	2.18296e-008	0.000352012	0.000723464	0.00107874	0.00141918	0.00176698	0.00209374	0.00198254	0	
0	0.0018786	0.00196584	0.00164893	0.0013264	0.00101496	0.000670968	0.000334109	1.43072e-008	0.000334109	0.000670968	0.00101496	0.0013264	0.00164893	0.00196584	0.0018786	0	
0	0.00176823	0.00183467	0.0015304	0.00123639	0.000943053	0.000620254	0.000316896	9.33027e-009	0.000316896	0.000620254	0.000943053	0.00123639	0.0015304	0.00183467	0.00176823	0	
0	0.00165446	0.00170075	0.00141525	0.00114655	0.000863786	0.000574396	0.000296304	6.05429e-009	0.000296304	0.000574396	0.000863786	0.00114655	0.00141525	0.00170075	0.00165446	0	
0	0.00153964	0.00156603	0.00130504	0.0010532	0.000782865	0.00053136	0.000271165	3.90894e-009	0.000271165	0.00053136	0.000782865	0.0010532	0.00130504	0.00156603	0.00153964	0	
0	0.00142557	0.00143388	0.00119777	0.000955226	0.000706646	0.000486154	0.000243287	2.51121e-009	0.000243287	0.000486154	0.000706646	0.000955226	0.00119777	0.00143388	0.00142557	0	
