
0	0	0	0	0	0	0	0	0.00012341	0	0	0	0	0	0	0	0	
0	0	0	0	0	0	0	3.08244e-005	0.00016617	3.08244e-005	0	0	0	0	0	0	0	
0	0	0	0	0	0	7.69907e-006	8.77553e-005	0.00022263	8.77553e-005	7.69907e-006	0	0	0	0	0	0	
0	0	0	0	0	1.92301e-006	3.3471e-005	0.000158378	0.000296786	0.000158378	3.3471e-005	1.92301e-006	0	0	0	0	0	
0	0	0	0	4.80316e-007	1.12455e-005	8.25614e-005	0.000232373	0.000393669	0.000232373	8.25614e-005	1.12455e-005	4.80316e-007	0	0	0	0	
0	0	0	1.1997e-007	3.52951e-006	3.56919e-005	0.000151258	0.000309237	0.000519575	0.000309237	0.000151258	3.56919e-005	3.52951e-006	1.1997e-007	0	0	0	
0	0	2.67763e-008	1.06179e-006	1.37604e-005	8.09703e-005	0.000230548	0.000399178	0.000682329	0.000399178	0.000230548	8.09703e-005	1.37604e-005	1.06179e-006	2.67763e-008	0	0	
0	1.51685e-009	2.8008e-007	4.91868e-006	3.76067e-005	0.000146822	0.000314597	0.000517724	0.000891595	0.000517724	0.000314597	0.000146822	3.76067e-005	4.91868e-006	2.8008e-007	1.51685e-009	0	
0	1.84315e-008	1.52299e-006	1.579e-005	8.05673e-005	0.0002273	0.000407476	0.000678916	0.00115923	0.000678916	0.000407476	0.0002273	8.05673e-005	1.579e-005	1.52299e-006	1.84315e-008	0	
0	1.16272e-007	5.70826e-006	3.93041e-005	0.000143998	0.000316131	0.00052315	0.00089228	0.00149969	0.00089228	0.00052315	0.000316131	0.000143998	3.93041e-005	5.70826e-006	1.16272e-007	0	
0	5.05724e-007	1.65108e-005	8.06421e-005	0.000224274	0.000413676	0.000679315	0.00116516	0.00193046	0.00116516	0.000679315	0.000413676	0.000224274	8.06421e-005	1.65108e-005	5.05724e-007	0	
0	1.70052e-006	3.91582e-005	0.000141968	0.000315981	0.000530262	0.000890481	0.00150784	0.00247257	0.00150784	0.000890481	0.000530262	0.000315981	0.000141968	3.91582e-005	1.70052e-006	0	
0	4.70246e-006	7.91043e-005	0.0002213	0.000417747	0.0006833	0.00116587	0.00193728	0.00315111	0.00193728	0.00116587	0.0006833	0.000417747	0.0002213	7.91043e-005	4.70246e-006	0	
0	1.1117e-005	0.000139845	0.000314511	0.000536773	0.000890543	0.00151341	0.00247723	0.00399585	0.00247723	0.00151341	0.000890543	0.000536773	0.000314511	0.000139845	1.1117e-005	0	
0	2.30821e-005	0.000221156	0.000420049	0.000688647	0.001165	0.0019461	0.00315575	0.00504177	0.00315575	0.0019461	0.001165	0.000688647	0.000420049	0.000221156	2.30821e-005	0	
0	4.29589e-005	0.00031939	0.000543544	0.000892411	0.00151557	0.00248584	0.00400321	0.00632972	0.00400321	0.00248584	0.00151557	0.000892411	0.000543544	0.00031939	4.29589e-005	0	
0	7.28815e-005	0.000430627	0.000698853	0.00116469	0.00195284	0.00316222	0.00505277	0.00790706	0.00505277	0.00316222	0.00195284	0.00116469	0.000698853	0.000430627	7.28815e-005	0	
0	0.000114414	0.000555555	0.000904346	0.00151747	0.00249532	0.00400875	0.00634305	0.0098282	0.00634305	0.00400875	0.00249532	0.00151747	0.000904346	0.000555555	0.000114414	0	
0	0.000168594	0.000703412	0.00117693	0.00196135	0.00317158	0.0050603	0.00792078	0.0121552	0.00792078	0.0050603	0.00317158	0.00196135	0.00117693	0.000703412	0.000168594	0	
0	0.000236501	0.000892276	0.00152858	0.00251159	0.0040173	0.00635457	0.00984167	0.0149582	0.00984167	0.00635457	0.0040173	0.00251159	0.00152858	0.000892276	0.000236501	0	
0	0.000320189	0.00114512	0.0019687	0.00319238	0.00507072	0.00793604	0.0121695	0.0183157	0.0121695	0.00793604	0.00507072	0.00319238	0.0019687	0.00114512	0.000320189	0	
0	0.000423606	0.00148393	0.00251119	0.00403669	0.00637067	0.00985924	0.0149751	0.0223149	0.0149751	0.00985924	0.00637067	0.00403669	0.00251119	0.00148393	0.000423606	0	
0	0.000553093	0.00192581	0.00318123	0.00508293	0.007959	0.0121889	0.0183362	0.0270519	0.0183362	0.0121889	0.007959	0.00508293	0.00318123	0.00192581	0.000553093	0	
0	0.000717297	0.00248401	0.00401657	0.00637255	0.00988548	0.0149975	0.0223388	0.0326308	0.0223388	0.0149975	0.00988548	0.00637255	0.00401657	0.00248401	0.000717297	0	
0	0.000926686	0.00317356	0.00506241	0.00795113	0.0122114	0.0183629	0.0270783	0.0391639	0.0270783	0.0183629	0.0122114	0.00795113	0.00506241	0.00317356	0.000926686	0	
0	0.00119314	0.00401801	0.00636401	0.00987228	0.0150096	0.0223687	0.0326597	0.0467706	0.0326597	0.0223687	0.0150096	0.00987228	0.00636401	0.00401801	0.00119314	0	
0	0.00153001	0.00505312	0.00796345	0.0122003	0.0183628	0.0271068	0.0391951	0.0555762	0.0391951	0.0271068	0.0183628	0.0122003	0.00796345	0.00505312	0.00153001	0	
0	0.00195271	0.00632556	0.0099036	0.0150093	0.0223608	0.0326802	0.0468028	0.0657103	0.0468028	0.0326802	0.0223608	0.0150093	0.0099036	0.00632556	0.00195271	0	
0	0.00247968	0.00788828	0.012237	0.0183793	0.0271001	0.0392036	0.0556056	0.0773048	0.0556056	0.0392036	0.0271001	0.0183793	0.012237	0.00788828	0.00247968	0	
0	0.0031332	0.0097966	0.0150326	0.0223932	0.0326843	0.0468006	0.0657315	0.0904915	0.0657315	0.0468006	0.0326843	0.0223932	0.0150326	0.0097966	0.0031332	0	
0	0.00393989	0.0121081	0.0183765	0.0271391	0.0392239	0.0556001	0.0773133	0.105399	0.0773133	0.0556001	0.0392239	0.0271391	0.0183765	0.0121081	0.00393989	0	
0	0.00493082	0.0148861	0.0223645	0.0327148	0.0468355	0.0657327	0.0904869	0.122151	0.0904869	0.0657327	0.0468355	0.0327148	0.0223645	0.0148861	0.00493082	0	
0	0.00614161	0.0182044	0.0270956	0.0392322	0.0556401	0.0773282	0.105386	0.140858	0.105386	0.0773282	0.0556401	0.0392322	0.0270956	0.0182044	0.00614161	0	
0	0.00761272	0.0221495	0.0326682	0.0468165	0.0657635	0.0905147	0.122138	0.161621	0.122138	0.0905147	0.0657635	0.0468165	0.0326682	0.0221495	0.00761272	0	
0	0.00939002	0.0268184	0.0391845	0.0555993	0.0773367	0.105418	0.140852	0.18452	0.140852	0.105418	0.0773367	0.0555993	0.0391845	0.0268184	0.00939002	0	
0	0.0115254	0.0323155	0.0467563	0.0657116	0.0904943	0.122157	0.161623	0.209611	0.161623	0.122157	0.0904943	0.0657116	0.0467563	0.0323155	0.0115254	0	
0	0.0140771	0.0387496	0.0555082	0.0772794	0.10537	0.140846	0.184523	0.236928	0.184523	0.140846	0.10537	0.0772794	0.0555082	0.0387496	0.0140771	0	
0	0.01711	0.0462335	0.065574	0.0904257	0.122091	0.161583	0.209602	0.266468	0.209602	0.161583	0.122091	0.0904257	0.065574	0.0462335	0.01711	0	
0	0.0206951	0.0548855	0.0770891	0.105274	0.140766	0.18445	0.236892	0.298197	0.236892	0.18445	0.140766	0.105274	0.0770891	0.0548855	0.0206951	0	
0	0.0249092	0.0648307	0.090183	0.121947	0.161488	0.209505	0.266395	0.33204	0.266395	0.209505	0.161488	0.121947	0.090183	0.0648307	0.0249092	0	
0	0.0298349	0.076199	0.104977	0.140563	0.184326	0.236775	0.298085	0.36788	0.298085	0.236775	0.184326	0.140563	0.104977	0.076199	0.0298349	0	
0	0.0355596	0.0891207	0.121586	0.161221	0.209334	0.266259	0.331894	0.405555	0.331894	0.266259	0.209334	0.161221	0.121586	0.0891207	0.0355596	0	
0	0.0421755	0.103722	0.140117	0.183997	0.236543	0.297919	0.367708	0.444858	0.367708	0.297919	0.236543	0.183997	0.140117	0.103722	0.0421755	0	
0	0.0497777	0.120119	0.160668	0.208937	0.265958	0.33168	0.405361	0.485537	0.405361	0.33168	0.265958	0.208937	0.160668	0.120119	0.0497777	0	
0	0.0584633	0.13842	0.183318	0.236063	0.297545	0.367429	0.444635	0.527293	0.444635	0.367429	0.297545	0.236063	0.183318	0.13842	0.0584633	0	
0	0.0683291	0.158716	0.208123	0.265372	0.331231	0.405007	0.485272	0.569783	0.485272	0.405007	0.331231	0.265372	0.208123	0.158716	0.0683291	0	
0	0.0794695	0.181084	0.235104	0.296831	0.366895	0.444206	0.526968	0.612626	0.526968	0.444206	0.366895	0.296831	0.235104	0.181084	0.0794695	0	
0	0.0919738	0.205578	0.264256	0.330372	0.404368	0.484766	0.569388	0.655406	0.569388	0.484766	0.404368	0.330372	0.264256	0.205578	0.0919738	0	
0	0.105924	0.232227	0.295539	0.365882	0.44344	0.526382	0.612157	0.697676	0.612157	0.526382	0.44344	0.365882	0.295539	0.232227	0.105924	0	
0	0.121391	0.261027	0.328881	0.403194	0.483858	0.568705	0.654862	0.738968	0.654862	0.568705	0.483858	0.403194	0.328881	0.261027	0.121391	0	
0	0.138434	0.291946	0.364172	0.442092	0.52532	0.611356	0.697055	0.778801	0.697055	0.611356	0.52532	0.442092	0.364172	0.291946	0.138434	0	
0	0.157092	0.324912	0.401253	0.482316	0.567483	0.653922	0.73826	0.816686	0.73826	0.653922	0.567483	0.482316	0.401253	0.324912	0.157092	0	
0	0.177389	0.359818	0.439916	0.523565	0.609964	0.695963	0.777989	0.852144	0.777989	0.695963	0.609964	0.523565	0.439916	0.359818	0.177389	0	
0	0.199321	0.396514	0.479903	0.565501	0.652345	0.737012	0.815752	0.884706	0.815752	0.737012	0.652345	0.565501	0.479903	0.396514	0.199321	0	
0	0.222864	0.434802	0.520915	0.607748	0.694182	0.776581	0.851071	0.913931	0.851071	0.776581	0.694182	0.607748	0.520915	0.434802	0.222864	0	
0	0.247962	0.474436	0.562616	0.649896	0.735012	0.814174	0.883485	0.939413	0.883485	0.814174	0.735012	0.649896	0.562616	0.474436	0.247962	0	
0	0.274529	0.515123	0.604636	0.691503	0.774354	0.849307	0.912556	0.960789	0.912556	0.849307	0.774354	0.691503	0.604636	0.515123	0.274529	0	
0	0.302447	0.55653	0.646576	0.732107	0.811723	0.881516	0.937877	0.977751	0.937877	0.881516	0.811723	0.732107	0.646576	0.55653	0.302447	0	
0	0.331563	0.598292	0.688001	0.771234	0.846639	0.910371	0.95908	0.99005	0.95908	0.910371	0.846639	0.771234	0.688001	0.598292	0.331563	0	
0	0.36169	0.640013	0.728456	0.808405	0.878639	0.935473	0.975852	0.997503	0.975852	0.935473	0.878639	0.808405	0.728456	0.640013	0.36169	0	
0	0.392606	0.681275	0.767468	0.84315	0.907292	0.956465	0.987946	1	0.987946	0.956465	0.907292	0.84315	0.767468	0.681275	0.392606	0	
0	0.424057	0.721636	0.804561	0.875013	0.932207	0.973039	0.995188	0.997503	0.995188	0.973039	0.932207	0.875013	0.804561	0.721636	0.424057	0	
0	0.455763	0.760639	0.839273	0.903564	0.953035	0.984946	0.997476	0.99005	0.997476	0.984946	0.953035	0.903564	0.839273	0.760639	0.455763	0	
0	0.487416	0.797816	0.871158	0.928413	0.969476	0.992012	0.994779	0.977751	0.994779	0.992012	0.969476	0.928413	0.871158	0.797816	0.487416	0	
0	0.518686	0.832703	0.899803	0.949218	0.98129	0.99414	0.987138	0.960789	0.987138	0.99414	0.98129	0.949218	0.899803	0.832703	0.518686	0	
0	0.549228	0.864849	0.924822	0.965691	0.988303	0.99131	0.974665	0.939413	0.974665	0.99131	0.988303	0.965691	0.924822	0.864849	0.549228	0	
0	0.578685	0.893831	0.945875	0.977604	0.990419	0.983572	0.957544	0.913931	0.957544	0.983572	0.990419	0.977604	0.945875	0.893831	0.578685	0	
0	0.606697	0.919265	0.962666	0.984793	0.987624	0.971043	0.936031	0.884706	0.936031	0.971043	0.987624	0.984793	0.962666	0.919265	0.606697	0	
0	0.632905	0.940807	0.974961	0.987162	0.97998	0.95391	0.910444	0.852144	0.910444	0.95391	0.97998	0.987162	0.974961	0.940807	0.632905	0	
0	0.656964	0.958162	0.982588	0.98469	0.967619	0.932432	0.881151	0.816686	0.881151	0.932432	0.967619	0.98469	0.982588	0.958162	0.656964	0	
0	0.678545	0.971089	0.985451	0.977429	0.950732	0.906935	0.848566	0.778801	0.848566	0.906935	0.950732	0.977429	0.985451	0.971089	0.678545	0	
0	0.697346	0.979407	0.983524	0.965503	0.929575	0.877797	0.813134	0.738968	0.813134	0.877797	0.929575	0.965503	0.983524	0.979407	0.697346	0	
0	0.713099	0.982998	0.976857	0.949105	0.904459	0.845442	0.775329	0.697676	0.775329	0.845442	0.904459	0.949105	0.976857	0.982998	0.713099	0	
0	0.725575	0.981819	0.965563	0.928487	0.875753	0.810314	0.735641	0.655406	0.735641	0.810314	0.875753	0.928487	0.965563	0.981819	0.725575	0	
0	0.734586	0.975897	0.949819	0.903958	0.843874	0.77288	0.694564	0.612626	0.694564	0.77288	0.843874	0.903958	0.949819	0.975897	0.734586	0	
0	0.739998	0.965329	0.92986	0.875876	0.80927	0.733617	0.652582	0.569783	0.652582	0.733617	0.80927	0.875876	0.92986	0.965329	0.739998	0	
0	0.741728	0.950281	0.905975	0.844642	0.772407	0.69301	0.61016	0.527292	0.61016	0.69301	0.772407	0.844642	0.905975	0.950281	0.741728	0	
0	0.739749	0.930975	0.878506	0.810685	0.733755	0.65154	0.567733	0.485537	0.567733	0.65154	0.733755	0.810685	0.878506	0.930975	0.739749	0	
0	0.734087	0.907688	0.847839	0.774452	0.693783	0.609672	0.525709	0.444858	0.525709	0.609672	0.693783	0.774452	0.847839	0.907688	0.734087	0	
0	0.724828	0.880747	0.814394	0.736401	0.652951	0.567841	0.484462	0.405554	0.484462	0.567841	0.652951	0.736401	0.814394	0.880747	0.724828	0	
0	0.712107	0.85052	0.778609	0.696986	0.611705	0.526443	0.444332	0.367879	0.444332	0.526443	0.611705	0.696986	0.778609	0.85052	0.712107	0	
0	0.69611	0.817415	0.740931	0.656658	0.570464	0.485831	0.405615	0.33204	0.405615	0.485831	0.570464	0.656658	0.740931	0.817415	0.69611	0	
0	0.677069	0.781864	0.701803	0.61585	0.529612	0.446323	0.368557	0.298197	0.368557	0.446323	0.529612	0.61585	0.701803	0.781864	0.677069	0	
0	0.655254	0.744315	0.661663	0.574971	0.489497	0.408194	0.333349	0.266468	0.333349	0.408194	0.489497	0.574971	0.661663	0.744315	0.655254	0	
0	0.630969	0.705219	0.620938	0.534396	0.450424	0.371678	0.30013	0.236928	0.30013	0.371678	0.450424	0.534396	0.620938	0.705219	0.630969	0	
0	0.604544	0.665021	0.580037	0.494463	0.412656	0.336961	0.268996	0.209611	0.268996	0.336961	0.412656	0.494463	0.580037	0.665021	0.604544	0	
0	0.57633	0.624151	0.539343	0.455471	0.376415	0.304174	0.240005	0.184519	0.240005	0.304174	0.376415	0.455471	0.539343	0.624151	0.57633	0	
0	0.546686	0.583024	0.499205	0.417682	0.341876	0.273403	0.213182	0.161621	0.213182	0.273403	0.341876	0.417682	0.499205	0.583024	0.546686	0	
0	0.515974	0.542028	0.459931	0.381321	0.309168	0.244693	0.188523	0.140858	0.188523	0.244693	0.309168	0.381321	0.459931	0.542028	0.515974	0	
0	0.484553	0.501526	0.421789	0.346572	0.278378	0.218058	0.165988	0.122151	0.165988	0.218058	0.278378	0.346572	0.421789	0.501526	0.484553	0	
0	0.452768	0.461843	0.385009	0.313578	0.249555	0.193484	0.145509	0.105399	0.145509	0.193484	0.249555	0.313578	0.385009	0.461843	0.452768	0	
0	0.420951	0.423268	0.349787	0.282435	0.222718	0.170932	0.126995	0.0904914	0.126995	0.170932	0.222718	0.282435	0.349787	0.423268	0.420951	0	
0	0.389407	0.386049	0.316278	0.253198	0.197862	0.15034	0.110337	0.0773047	0.110337	0.15034	0.197862	0.253198	0.316278	0.386049	0.389407	0	
0	0.358416	0.350395	0.284603	0.225895	0.174957	0.131627	0.0954202	0.0657102	0.0954202	0.131627	0.174957	0.225895	0.284603	0.350395	0.358416	0	
0	0.328228	0.316472	0.254838	0.200534	0.153953	0.114693	0.0821262	0.0555762	0.0821262	0.114693	0.153953	0.200534	0.254838	0.316472	0.328228	0	
0	0.299061	0.284411	0.227028	0.177101	0.134777	0.0994304	0.0703348	0.0467706	0.0703348	0.0994304	0.134777	0.177101	0.227028	0.284411	0.299061	0	
0	0.271097	0.2543	0.201186	0.155567	0.117344	0.0857295	0.059925	0.0391639	0.059925	0.0857295	0.117344	0.155567	0.201186	0.2543	0.271097	0	
0	0.244485	0.226194	0.177309	0.135881	0.101561	0.0734798	0.050775	0.0326308	0.050775	0.0734798	0.101561	0.135881	0.177309	0.226194	0.244485	0	
0	0.219342	0.200112	0.155373	0.11797	0.087337	0.0625731	0.042764	0.0270519	0.042764	0.0625731	0.087337	0.11797	0.155373	0.200112	0.219342	0	
0	0.195747	0.176051	0.135336	0.10175	0.0745785	0.052904	0.0357764	0.0223149	0.0357764	0.052904	0.0745785	0.10175	0.135336	0.176051	0.195747	0	
0	0.173754	0.153984	0.117137	0.0871325	0.063193	0.0443705	0.0297044	0.0183157	0.0297044	0.0443705	0.063193	0.0871325	0.117137	0.153984	0.173754	0	
0	0.153384	0.133867	0.100695	0.0740298	0.0530856	0.0368752	0.0244511	0.0149582	0.0244511	0.0368752	0.0530856	0.0740298	0.100695	0.133867	0.153384	0	
0	0.134637	0.115641	0.0859177	0.0623559	0.0441606	0.0303256	0.0199299	0.0121552	0.0199299	0.0303256	0.0441606	0.0623559	0.0859177	0.115641	0.134637	0	
0	0.11749	0.0992255	0.0727127	0.0520225	0.0363247	0.024635	0.0160633	0.0098282	0.0160633	0.024635	0.0363247	0.0520225	0.0727127	0.0992255	0.11749	0	
0	0.101901	0.0845274	0.0609894	0.042936	0.0294899	0.0197232	0.0127804	0.00790706	0.0127804	0.0197232	0.0294899	0.042936	0.0609894	0.0845274	0.101901	0	
0	0.0878151	0.0714434	0.0506581	0.0350003	0.0235741	0.0155167	0.0100144	0.00632972	0.0100144	0.0155167	0.0235741	0.0350003	0.0506581	0.0714434	0.0878151	0	
0	0.075164	0.0598676	0.0416255	0.0281215	0.0184998	0.0119484	0.00770235	0.00504177	0.00770235	0.0119484	0.0184998	0.0281215	0.0416255	0.0598676	0.075164	0	
0	0.0638699	0.0496956	0.0337906	0.0222124	0.0141923	0.00895589	0.00578635	0.00399585	0.00578635	0.00895589	0.0141923	0.0222124	0.0337906	0.0496956	0.0638699	0	
0	0.053849	0.0408257	0.0270478	0.0171921	0.0105802	0.00647964	0.0042148	0.00315111	0.0042148	0.00647964	0.0105802	0.0171921	0.0270478	0.0408257	0.053849	0	
0	0.0450137	0.0331562	0.0212935	0.0129819	0.00759526	0.00446189	0.00294326	0.00247257	0.00294326	0.00446189	0.00759526	0.0129819	0.0212935	0.0331562	0.0450137	0	
0	0.0372754	0.0265837	0.0164331	0.00950231	0.00517317	0.00284745	0.00193347	0.00193046	0.00193347	0.00284745	0.00517317	0.00950231	0.0164331	0.0265837	0.0372754	0	
0	0.0305456	0.0210033	0.0123822	0.00667255	0.00325148	0.00158563	0.00115121	0.00149969	0.00115121	0.00158563	0.00325148	0.00667255	0.0123822	0.0210033	0.0305456	0	
0	0.0247377	0.0163124	0.00906255	0.00441441	0.0017682	0.000631383	0.000564496	0.00115923	0.000564496	0.000631383	0.0017682	0.00441441	0.00906255	0.0163124	0.0247377	0	
0	0.0197673	0.0124149	0.00639584	0.0026563	0.000661918	-5.56234e-005	0.000143037	0.000891595	0.000143037	-5.56234e-005	0.000661918	0.0026563	0.00639584	0.0124149	0.0197673	0	
0	0.0155531	0.00922325	0.00430092	0.00133408	-0.000125442	-0.000513788	-0.000141073	0.000682329	-0.000141073	-0.000513788	-0.000125442	0.00133408	0.00430092	0.00922325	0.0155531	0	
0	0.0120173	0.00665774	0.00269645	0.000388348	-0.000645252	-0.00078186	-0.000312614	0.000519575	-0.000312614	-0.00078186	-0.000645252	0.000388348	0.00269645	0.00665774	0.0120173	0	
0	0.00908697	0.00464309	0.00150668	-0.000239046	-0.000941018	-0.000898607	-0.000393501	0.000393669	-0.000393501	-0.000898607	-0.000941018	-0.000239046	0.00150668	0.00464309	0.00908697	0	
0	0.00669352	0.0031059	0.00066596	-0.000605739	-0.00105086	-0.000899785	-0.000403937	0.000296786	-0.000403937	-0.000899785	-0.00105086	-0.000605739	0.00066596	0.0031059	0.00669352	0	
0	0.0047733	0.0019745	0.000118717	-0.000765974	-0.00101179	-0.000814849	-0.0003632	0.00022263	-0.0003632	-0.000814849	-0.00101179	-0.000765974	0.000118717	0.0019745	0.0047733	0	
0	0.00326704	0.00118129	-0.000184218	-0.000766636	-0.000862127	-0.000666292	-0.000288949	0.00016617	-0.000288949	-0.000666292	-0.000862127	-0.000766636	-0.000184218	0.00118129	0.00326704	0	
0	0.00211951	0.000665678	-0.000289671	-0.000645676	-0.000639703	-0.0004724	-0.000195271	0.00012341	-0.000195271	-0.0004724	-0.000639703	-0.000645676	-0.000289671	0.000665678	0.00211951	0	
0	0.00127928	0.000375577	-0.000243357	-0.000434305	-0.000376983	-0.000251076	-9.12149e-005	9.1196e-005	-9.12149e-005	-0.000251076	-0.000376983	-0.000434305	-0.000243357	0.000375577	0.00127928	0	
0	0.000698682	0.000266668	-8.78651e-005	-0.000160922	-9.71326e-005	-2.12721e-005	1.84736e-005	6.70548e-005	1.84736e-005	-2.12721e-005	-9.71326e-005	-0.000160922	-8.78651e-005	0.000266668	0.000698682	0	
0	0.000334017	0.000300223	0.000140425	0.00014664	0.000185733	0.000199512	0.000130369	4.90584e-005	0.000130369	0.000199512	0.000185733	0.00014664	0.000140425	0.000300223	0.000334017	0	
0	0.000145617	0.000441087	0.00041287	0.000462415	0.000462276	0.000399584	0.000239225	3.57129e-005	0.000239225	0.000399584	0.000462276	0.000462415	0.00041287	0.000441087	0.000145617	0	
0	9.78349e-005	0.000656902	0.000707589	0.00076578	0.000723195	0.000575262	0.000337303	2.58681e-005	0.000337303	0.000575262	0.000723195	0.00076578	0.000707589	0.000656902	9.78349e-005	0	
0	0.00015887	0.000918585	0.00100715	0.00104397	0.000957801	0.000728454	0.000417028	1.86438e-005	0.000417028	0.000728454	0.000957801	0.00104397	0.00100715	0.000918585	0.00015887	0	
0	0.000300517	0.00120129	0.00129684	0.00129145	0.00115665	0.000861145	0.000475034	1.337e-005	0.000475034	0.000861145	0.00115665	0.00129145	0.00129684	0.00120129	0.000300517	0	
0	0.000497937	0.00148506	0.00156441	0.0015066	0.00131535	0.000971204	0.000514168	9.54017e-006	0.000514168	0.000971204	0.00131535	0.0015066	0.00156441	0.00148506	0.000497937	0	
0	0.000729505	0.00175478	0.00180082	0.00168842	0.00143587	0.00105307	0.000541415	6.77345e-006	0.000541415	0.00105307	0.00143587	0.00168842	0.00180082	0.00175478	0.000729505	0	
0	0.00097672	0.00199973	0.00200072	0.00183524	0.00152385	0.00110275	0.00056292	4.78512e-006	0.00056292	0.00110275	0.00152385	0.00183524	0.00200072	0.00199973	0.00097672	0	
0	0.00122415	0.00221292	0.00216204	0.00194561	0.00158443	0.00112277	0.000579852	3.3636e-006	0.000579852	0.00112277	0.00158443	0.00194561	0.00216204	0.00221292	0.00122415	0	
0	0.00145936	0.00239036	0.00228492	0.00201983	0.00161992	0.0011225	0.0005884	2.35258e-006	0.0005884	0.0011225	0.00161992	0.00201983	0.00228492	0.00239036	0.00145936	0	
0	0.00167283	0.0025304	0.00237071	0.00206037	0.00163105	0.00111307	0.000583973	1.63724e-006	0.000583973	0.00111307	0.00163105	0.00206037	0.00237071	0.0025304	0.00167283	0	
0	0.00185777	0.00263293	0.00242153	0.00207119	0.00162003	0.00110086	0.000566249	1.13373e-006	0.000566249	0.00110086	0.00162003	0.00207119	0.00242153	0.00263293	0.00185777	0	
0	0.00200987	0.0026988	0.00244014	0.00205683	0.00159203	0.00108479	0.000540904	7.81149e-007	0.000540904	0.00108479	0.00159203	0.00205683	0.00244014	0.0026988	0.00200987	0	
0	0.00212701	0.00272944	0.00242995	0.00202211	0.00155343	0.00105957	0.0005165	5.35535e-007	0.0005165	0.00105957	0.00155343	0.00202211	0.00242995	0.00272944	0.00212701	0	
0	0.00220882	0.00272681	0.00239486	0.0019722	0.00150854	0.00102206	0.000498866	3.65317e-007	0.000498866	0.00102206	0.00150854	0.0019722	0.00239486	0.00272681	0.00220882	0	
0	0.00225639	0.00269357	0.00233909	0.00191204	0.00145795	0.000975378	0.0004874	2.47959e-007	0.0004874	0.000975378	0.00145795	0.00191204	0.00233909	0.00269357	0.00225639	0	
0	0.00227181	0.00263328	0.00226701	0.00184513	0.00140025	0.000927345	0.00047614	1.67464e-007	0.00047614	0.000927345	0.00140025	0.00184513	0.00226701	0.00263328	0.00227181	0	
0	0.00225795	0.00255044	0.0021827	0.00177247	0.00133555	0.000884732	0.000458694	1.12535e-007	0.000458694	0.000884732	0.00133555	0.00177247	0.0021827	0.00255044	0.00225795	0	
0	0.00221822	0.00245026	0.00208929	0.00169315	0.00126738	0.000848308	0.00043312	7.52461e-008	0.00043312	0.000848308	0.00126738	0.00169315	0.00208929	0.00245026	0.00221822	0	
0	0.00215638	0.00233803	0.00198847	0.00160642	0.00120088	0.000812853	0.000403085	5.00622e-008	0.000403085	0.000812853	0.00120088	0.00160642	0.00198847	0.00233803	0.00215638	0	
0	0.00207645	0.00221827	0.00188079	0.00151383	0.00113876	0.000771969	0.000374732	3.31408e-008	0.000374732	0.000771969	0.00113876	0.00151383	0.00188079	0.00221827	0.00207645	0	
0	0.00198254	0.00209386	0.0017669	0.00141921	0.0010787	0.00072348	0.000352009	2.18296e-008	0.000352009	0.00072348	0.0010787	0.00141921	0.0017669	0.00209386	0.00198254	0	
0	0.0018786	0.00196598	0.00164885	0.00132639	0.00101497	0.000670934	0.000334152	1.43072e-008	0.000334152	0.000670934	0.00101497	0.00132639	0.00164885	0.00196598	0.0018786	0	
0	0.00176824	0.00183476	0.0015304	0.00123632	0.000943092	0.0006202	0.000316956	9.33027e-009	0.000316956	0.0006202	0.000943092	0.00123632	0.0015304	0.00183476	0.00176824	0	
0	0.00165448	0.00170074	0.00141533	0.00114647	0.000863803	0.000574373	0.000296337	6.05429e-009	0.000296337	0.000574373	0.000863803	0.00114647	0.00141533	0.00170074	0.00165448	0	
0	0.00153968	0.00156596	0.00130513	0.00105317	0.000782825	0.000531393	0.000271149	3.90894e-009	0.000271149	0.000531393	0.000782825	0.00105317	0.00130513	0.00156596	0.00153968	0	
0	0.00142561	0.0014338	0.00119782	0.000955278	0.000706571	0.000486211	0.000243238	2.51121e-009	0.000243238	0.000486211	0.000706571	0.000955278	0.00119782	0.0014338	0.00142561	0	
0	0.00131366	0.00130754	0.00108947	0.000855845	0.000637397	0.000435381	0.000215261	1.60523e-009	0.000215261	0.000435381	0.000637397	0.000855845	0.00108947	0.00130754	0.00131366	0	
0	0.00120497	0.00118847	0.000977792	0.000760204	0.000572328	0.000380029	0.000188499	1.02098e-009	0.000188499	0.000380029	0.000572328	0.000760204	0.000977792	0.00118847	0.00120497	0	
0	0.00110054	0.00107517	0.000864862	0.000671984	0.000506154	0.000324869	0.000162494	6.46143e-010	0.000162494	0.000324869	0.000506154	0.000671984	0.000864862	0.00107517	0.00110054	0	
0	0.00100104	0.000964692	0.000756682	0.00059052	0.00043612	0.000274432	0.00013646	4.06881e-010	0.00013646	0.000274432	0.00043612	0.00059052	0.000756682	0.000964692	0.00100104	0	
0	0.000906731	0.000855154	0.000659274	0.000511994	0.000364266	0.000229919	0.000110803	2.54938e-010	0.000110803	0.000229919	0.000364266	0.000511994	0.000659274	0.000855154	0.000906731	0	
0	0.000817414	0.000747711	0.000574265	0.000433356	0.000295754	0.000189209	8.72231e-005	1.58939e-010	8.72231e-005	0.000189209	0.000295754	0.000433356	0.000574265	0.000747711	0.000817414	0	
0	0.000732627	0.000646335	0.000497606	0.000355544	0.000234999	0.000149639	6.73304e-005	9.8595e-011	6.73304e-005	0.000149639	0.000234999	0.000355544	0.000497606	0.000646335	0.000732627	0	
0	0.000651982	0.000555281	0.000422812	0.000283106	0.000183033	0.00011083	5.11787e-005	6.08567e-011	5.11787e-005	0.00011083	0.000183033	0.000283106	0.000422812	0.000555281	0.000651982	0	
0	0.000575426	0.000476024	0.00034638	0.000220568	0.000138027	7.51568e-005	3.71434e-005	3.73757e-011	3.71434e-005	7.51568e-005	0.000138027	0.000220568	0.00034638	0.000476024	0.000575426	0	
0	0.000503259	0.00040606	0.00027103	0.000168837	9.79351e-005	4.56919e-005	2.33254e-005	2.28401e-011	2.33254e-005	4.56919e-005	9.79351e-005	0.000168837	0.00027103	0.00040606	0.000503259	0	
0	0.000435891	0.00034065	0.000203946	0.000124923	6.25033e-005	2.36894e-005	9.26786e-006	1.38879e-011	9.26786e-006	2.36894e-005	6.25033e-005	0.000124923	0.000203946	0.00034065	0.000435891	0	
0	0.000373516	0.000276304	0.000151279	8.51551e-005	3.29675e-005	7.7794e-006	-3.5024e-006	8.40241e-012	-3.5024e-006	7.7794e-006	3.29675e-005	8.51551e-005	0.000151279	0.000276304	0.000373516	0	
0	0.00031595	0.000213412	0.000113303	4.88685e-005	1.01754e-005	-4.65715e-006	-1.258e-005	5.05826e-012	-1.258e-005	-4.65715e-006	1.01754e-005	4.88685e-005	0.000113303	0.000213412	0.00031595	0	
0	0.000262757	0.000155971	8.42098e-005	1.90114e-005	-6.65698e-006	-1.53678e-005	-1.65365e-005	3.02987e-012	-1.65365e-005	-1.53678e-005	-6.65698e-006	1.90114e-005	8.42098e-005	0.000155971	0.000262757	0	
0	0.000213567	0.000108623	5.67399e-005	-9.72213e-007	-1.92539e-005	-2.41947e-005	-1.60708e-005	1.80583e-012	-1.60708e-005	-2.41947e-005	-1.92539e-005	-9.72213e-007	5.67399e-005	0.000108623	0.000213567	0	
0	0.000168362	7.32657e-005	2.78047e-005	-1.11072e-005	-2.85186e-005	-2.97584e-005	-1.36201e-005	1.07092e-012	-1.36201e-005	-2.97584e-005	-2.85186e-005	-1.11072e-005	2.78047e-005	7.32657e-005	0.000168362	0	
0	0.000127502	4.77901e-005	4.87033e-007	-1.5872e-005	-3.37441e-005	-3.09815e-005	-1.17984e-005	6.31927e-013	-1.17984e-005	-3.09815e-005	-3.37441e-005	-1.5872e-005	4.87033e-007	4.77901e-005	0.000127502	0	
0	9.14953e-005	2.77691e-005	-1.91405e-005	-2.10147e-005	-3.38156e-005	-2.81032e-005	-1.18212e-005	3.71026e-013	-1.18212e-005	-2.81032e-005	-3.38156e-005	-2.10147e-005	-1.91405e-005	2.77691e-005	9.14953e-005	0	
0	6.0665e-005	9.60507e-006	-2.75756e-005	-2.88866e-005	-2.9263e-005	-2.2585e-005	-1.29582e-005	2.16757e-013	-1.29582e-005	-2.2585e-005	-2.9263e-005	-2.88866e-005	-2.75756e-005	9.60507e-006	6.0665e-005	0	
0	3.49661e-005	-7.36185e-006	-2.71087e-005	-3.6525e-005	-2.29484e-005	-1.63302e-005	-1.3263e-005	1.25999e-013	-1.3263e-005	-1.63302e-005	-2.29484e-005	-3.6525e-005	-2.71087e-005	-7.36185e-006	3.49661e-005	0	
0	1.40331e-005	-2.1263e-005	-2.4103e-005	-3.84205e-005	-1.83718e-005	-1.09624e-005	-1.10213e-005	7.28772e-014	-1.10213e-005	-1.09624e-005	-1.83718e-005	-3.84205e-005	-2.4103e-005	-2.1263e-005	1.40331e-005	0	
0	-2.60934e-006	-2.99845e-005	-2.39838e-005	-3.17322e-005	-1.69522e-005	-7.45993e-006	-6.01197e-006	4.19415e-014	-6.01197e-006	-7.45993e-006	-1.69522e-005	-3.17322e-005	-2.39838e-005	-2.99845e-005	-2.60934e-006	0	
0	-1.53611e-005	-3.32605e-005	-2.73044e-005	-1.9417e-005	-1.68533e-005	-5.96673e-006	1.37275e-007	2.40172e-014	1.37275e-007	-5.96673e-006	-1.68533e-005	-1.9417e-005	-2.73044e-005	-3.32605e-005	-1.53611e-005	0	
0	-2.45148e-005	-3.29076e-005	-3.01459e-005	-8.43144e-006	-1.46756e-005	-5.66806e-006	4.72762e-006	1.36847e-014	4.72762e-006	-5.66806e-006	-1.46756e-005	-8.43144e-006	-3.01459e-005	-3.29076e-005	-2.45148e-005	0	
0	-3.03585e-005	-3.12692e-005	-2.82602e-005	-4.42918e-006	-8.68843e-006	-5.02267e-006	5.54059e-006	7.75839e-015	5.54059e-006	-5.02267e-006	-8.68843e-006	-4.42918e-006	-2.82602e-005	-3.12692e-005	-3.03585e-005	0	
0	-3.32868e-005	-2.94478e-005	-2.11788e-005	-7.4431e-006	-7.21847e-007	-2.65447e-006	2.33126e-006	4.37662e-015	2.33126e-006	-2.65447e-006	-7.21847e-007	-7.4431e-006	-2.11788e-005	-2.94478e-005	-3.32868e-005	0	
0	-3.3807e-005	-2.6917e-005	-1.27269e-005	-1.2209e-005	5.08324e-006	1.44174e-006	-2.70565e-006	2.45659e-015	-2.70565e-006	1.44174e-006	5.08324e-006	-1.2209e-005	-1.27269e-005	-2.6917e-005	-3.3807e-005	0	
0	-3.24431e-005	-2.27195e-005	-7.67142e-006	-1.27852e-005	5.65964e-006	5.41159e-006	-6.03086e-006	1.372e-015	-6.03086e-006	5.41159e-006	5.65964e-006	-1.27852e-005	-7.67142e-006	-2.27195e-005	-3.24431e-005	0	
0	-2.96357e-005	-1.69917e-005	-7.62649e-006	-7.47705e-006	1.56709e-006	6.58539e-006	-4.99172e-006	7.62445e-016	-4.99172e-006	6.58539e-006	1.56709e-006	-7.47705e-006	-7.62649e-006	-1.69917e-005	-2.96357e-005	0	
0	-2.57333e-005	-1.13156e-005	-9.86211e-006	5.27339e-008	-3.53101e-006	3.61411e-006	1.85858e-007	4.21588e-016	1.85858e-007	3.61411e-006	-3.53101e-006	5.27339e-008	-9.86211e-006	-1.13156e-005	-2.57333e-005	0	
0	-2.10766e-005	-7.54634e-006	-9.97311e-006	4.21094e-006	-5.94933e-006	-1.9981e-006	6.1733e-006	2.31952e-016	6.1733e-006	-1.9981e-006	-5.94933e-006	4.21094e-006	-9.97311e-006	-7.54634e-006	-2.10766e-005	0	
0	-1.60787e-005	-6.20591e-006	-5.93013e-006	2.28861e-006	-4.84299e-006	-6.55623e-006	8.57783e-006	1.2698e-016	8.57783e-006	-6.55623e-006	-4.84299e-006	2.28861e-006	-5.93013e-006	-6.20591e-006	-1.60787e-005	0	
0	-1.12073e-005	-5.96225e-006	1.05565e-007	-3.46781e-006	-2.38329e-006	-6.90637e-006	5.05979e-006	6.91673e-017	5.05979e-006	-6.90637e-006	-2.38329e-006	-3.46781e-006	1.05565e-007	-5.96225e-006	-1.12073e-005	0	
0	-6.8595e-006	-4.74151e-006	3.75201e-006	-8.06082e-006	-1.32422e-006	-3.13796e-006	-2.71087e-006	3.74883e-017	-2.71087e-006	-3.13796e-006	-1.32422e-006	-8.06082e-006	3.75201e-006	-4.74151e-006	-6.8595e-006	0	
0	-3.23046e-006	-1.54777e-006	2.35181e-006	-8.02069e-006	-2.40079e-006	1.19015e-006	-9.9111e-006	2.02171e-017	-9.9111e-006	1.19015e-006	-2.40079e-006	-8.02069e-006	2.35181e-006	-1.54777e-006	-3.23046e-006	0	
0	-2.88475e-007	2.59933e-006	-2.59254e-006	-3.9861e-006	-3.98413e-006	1.84856e-006	-1.1863e-005	1.08485e-017	-1.1863e-005	1.84856e-006	-3.98413e-006	-3.9861e-006	-2.59254e-006	2.59933e-006	-2.88475e-007	0	
0	2.11042e-006	5.46127e-006	-6.58176e-006	3.97052e-007	-4.11113e-006	-2.37465e-006	-7.42712e-006	5.7923e-018	-7.42712e-006	-2.37465e-006	-4.11113e-006	3.97052e-007	-6.58176e-006	5.46127e-006	2.11042e-006	0	
0	4.05574e-006	5.47483e-006	-5.82722e-006	1.91108e-006	-2.67838e-006	-8.29355e-006	1.2584e-007	3.07722e-018	1.2584e-007	-8.29355e-006	-2.67838e-006	1.91108e-006	-5.82722e-006	5.47483e-006	4.05574e-006	0	
0	5.4967e-006	3.15736e-006	-3.27634e-007	3.45971e-007	-1.50182e-006	-1.0707e-005	5.54444e-006	1.62666e-018	5.54444e-006	-1.0707e-005	-1.50182e-006	3.45971e-007	-3.27634e-007	3.15736e-006	5.4967e-006	0	
0	6.30586e-006	8.31877e-007	6.20912e-006	-1.84891e-006	-2.16294e-006	-6.7621e-006	5.51903e-006	8.55582e-019	5.51903e-006	-6.7621e-006	-2.16294e-006	-1.84891e-006	6.20912e-006	8.31877e-007	6.30586e-006	0	
0	6.43768e-006	8.66978e-007	9.4025e-006	-2.10956e-006	-3.89437e-006	1.39903e-006	1.04763e-006	4.4777e-019	1.04763e-006	1.39903e-006	-3.89437e-006	-2.10956e-006	9.4025e-006	8.66978e-007	6.43768e-006	0	
0	6.04715e-006	3.83415e-006	7.60842e-006	5.93916e-008	-3.85785e-006	8.15025e-006	-3.59767e-006	2.33174e-019	-3.59767e-006	8.15025e-006	-3.85785e-006	5.93916e-008	7.60842e-006	3.83415e-006	6.04715e-006	0	
0	5.46314e-006	8.0348e-006	3.001e-006	3.13546e-006	1.56375e-007	8.96788e-006	-4.41006e-006	1.20819e-019	-4.41006e-006	8.96788e-006	1.56375e-007	3.13546e-006	3.001e-006	8.0348e-006	5.46314e-006	0	
0	5.02473e-006	1.07495e-005	-3.14371e-007	5.43385e-006	7.11557e-006	4.24319e-006	-7.79506e-007	6.22894e-020	-7.79506e-007	4.24319e-006	7.11557e-006	5.43385e-006	-3.14371e-007	1.07495e-005	5.02473e-006	0	
0	4.89603e-006	1.02372e-005	5.58301e-007	6.71654e-006	1.29373e-005	-1.01859e-006	4.30028e-006	3.19539e-020	4.30028e-006	-1.01859e-006	1.29373e-005	6.71654e-006	5.58301e-007	1.02372e-005	4.89603e-006	0	
0	4.99332e-006	6.99556e-006	5.37366e-006	8.01484e-006	1.37194e-005	-1.46607e-006	6.97747e-006	1.63103e-020	6.97747e-006	-1.46607e-006	1.37194e-005	8.01484e-006	5.37366e-006	6.99556e-006	4.99332e-006	0	
0	5.07671e-006	3.41404e-006	1.1251e-005	1.00783e-005	9.28381e-006	3.98832e-006	5.80292e-006	8.28376e-021	5.80292e-006	3.98832e-006	9.28381e-006	1.00783e-005	1.1251e-005	3.41404e-006	5.07671e-006	0	
0	4.94143e-006	2.14152e-006	1.48909e-005	1.22362e-005	3.72397e-006	1.12186e-005	2.72572e-006	4.1862e-021	2.72572e-006	1.12186e-005	3.72397e-006	1.22362e-005	1.48909e-005	2.14152e-006	4.94143e-006	0	
0	4.57771e-006	4.34305e-006	1.47076e-005	1.29311e-005	2.16221e-006	1.44557e-005	1.08901e-006	2.10495e-021	1.08901e-006	1.44557e-005	2.16221e-006	1.29311e-005	1.47076e-005	4.34305e-006	4.57771e-006	0	
0	4.19366e-006	8.9862e-006	1.15168e-005	1.13799e-005	6.36079e-006	1.12835e-005	2.51891e-006	1.05316e-021	2.51891e-006	1.12835e-005	6.36079e-006	1.13799e-005	1.15168e-005	8.9862e-006	4.19366e-006	0	
