0	0	0	0	0	0	0	0	0	0	
0	0	0	0	0	0	0	0	0	0	
0	0	0	0	0	0	0	0	0	0	
0	0	0	0	0	0	0	0	0	0	
0	0	0	0	0	0	0	0	0	0	
0	0	0	0	0	0	0	0	0	0	
0	0	0	0	0	0	0	0	0	0	
0	0	0	0	0	0	0	0	0	0	
0	0	0	0	0	0	0	0	0	0	
0	0	0	0	0	0	0	0	0	0	
0	0	0	0	0	0	0	0	0	0	
0	0	0	0	0	0	0	0	0	0	
0	0	0	0	0	0	0	0	0	0	
0	0	0	0	0	0	0	0	0	0	
0	0	0	0	0	0	0	0	0	0	
0	0	0	0	0	0	0	0	0	-5.66384e-026	
0	0	0	0	0	0	0	0	-6.44294e-033	-1.47695e-024	
0	0	0	0	0	0	0	-2.07953e-040	-1.80873e-031	-1.95426e-023	
0	0	0	0	0	0	0	-6.24943e-039	-2.57773e-030	-1.74769e-022	
0	0	0	0	0	0	0	-9.53774e-038	-2.48465e-029	-1.18728e-021	
0	0	0	0	0	0	0	-9.84862e-037	-1.82091e-028	-6.52961e-021	
0	0	0	0	0	0	0	-7.73598e-036	-1.08152e-027	-3.0257e-020	
0	0	0	0	0	0	-9.3887e-044	-4.92779e-035	-5.41948e-027	-1.21412e-019	
0	0	0	0	0	0	-1.02435e-042	-2.65028e-034	-2.35524e-026	-4.30356e-019	
0	0	0	0	0	0	-6.02558e-042	-1.23728e-033	-9.05724e-026	-1.36798e-018	
0	0	0	0	0	0	-2.99654e-041	-5.11639e-033	-3.12955e-025	-3.94601e-018	
0	0	0	0	0	0	-1.32109e-040	-1.9031e-032	-9.83382e-025	-1.04284e-017	
0	0	0	0	0	0	-5.2475e-040	-6.44511e-032	-2.83757e-024	-2.54507e-017	
0	0	0	0	0	0	-1.89938e-039	-2.00694e-031	-7.57994e-024	-5.77477e-017	
0	0	0	0	0	0	-6.32598e-039	-5.79305e-031	-1.88736e-023	-1.22539e-016	
0	0	0	0	0	0	-1.95439e-038	-1.56075e-030	-4.40641e-023	-2.44458e-016	
0	0	0	0	0	0	-5.63965e-038	-3.94801e-030	-9.69683e-023	-4.60717e-016	
0	0	0	0	0	0	-1.52901e-037	-9.4252e-030	-2.02082e-022	-8.24075e-016	
0	0	0	0	0	0	-3.91478e-037	-2.13335e-029	-4.00544e-022	-1.40524e-015	
0	0	0	0	0	0	-9.50841e-037	-4.59716e-029	-7.58111e-022	-2.29469e-015	
0	0	0	0	0	0	-2.19969e-036	-9.46685e-029	-1.37537e-021	-3.60452e-015	
0	0	0	0	0	0	-4.86458e-036	-1.86947e-028	-2.40033e-021	-5.47146e-015	
0	0	0	0	0	-9.3887e-044	-1.0318e-035	-3.55166e-028	-4.04384e-021	-8.06249e-015	
0	0	0	0	0	-2.71852e-043	-2.10539e-035	-6.5111e-028	-6.59832e-021	-1.15845e-014	
0	0	0	0	0	-5.29691e-043	-4.14449e-035	-1.15511e-027	-1.0461e-020	-1.62984e-014	
0	0	0	0	0	-1.14066e-042	-7.89118e-035	-1.98839e-027	-1.61631e-020	-2.25368e-014	
0	0	0	0	0	-2.26029e-042	-1.4568e-034	-3.32952e-027	-2.44075e-020	-3.07246e-014	
0	0	0	0	0	-4.40848e-042	-2.61356e-034	-5.43619e-027	-3.61158e-020	-4.14005e-014	
0	0	0	0	0	-8.43161e-042	-4.56623e-034	-8.67362e-027	-5.24896e-020	-5.52398e-014	
0	0	0	0	0	-1.56707e-041	-7.7846e-034	-1.35515e-026	-7.50855e-020	-7.3079e-014	
0	0	0	0	0	-2.82852e-041	-1.29739e-033	-2.07721e-026	-1.05909e-019	-9.59456e-014	
0	0	0	0	0	-4.99395e-041	-2.11744e-033	-3.12913e-026	-1.47532e-019	-1.25094e-013	
0	0	0	0	0	-8.62359e-041	-3.38957e-033	-4.63981e-026	-2.03227e-019	-1.62051e-013	
0	0	0	0	0	-1.45948e-040	-5.32987e-033	-6.78139e-026	-2.77146e-019	-2.08668e-013	
0	0	0	0	0	-2.42263e-040	-8.24355e-033	-9.78202e-026	-3.74525e-019	-2.67184e-013	
0	0	0	0	0	-3.94838e-040	-1.25568e-032	-1.39418e-025	-5.01929e-019	-3.40288e-013	
0	0	0	0	0	-6.32901e-040	-1.88586e-032	-1.96527e-025	-6.67563e-019	-4.31194e-013	
0	0	0	0	0	-9.98665e-040	-2.79547e-032	-2.74236e-025	-8.81624e-019	-5.43712e-013	
0	0	0	0	0	-1.55297e-039	-4.09382e-032	-3.79114e-025	-1.15673e-018	-6.82339e-013	
0	0	0	0	0	-2.38214e-039	-5.92798e-032	-5.1959e-025	-1.50841e-018	-8.52349e-013	
0	0	0	0	0	-3.60773e-039	-8.49436e-032	-7.06425e-025	-1.95573e-018	-1.0599e-012	
0	0	0	0	0	-5.39892e-039	-1.20534e-031	-9.5329e-025	-2.52194e-018	-1.31212e-012	
0	0	0	0	0	-7.98937e-039	-1.69482e-031	-1.27747e-024	-3.23527e-018	-1.61728e-012	
0	0	0	0	0	-1.16991e-038	-2.36282e-031	-1.70069e-024	-4.12988e-018	-1.98484e-012	
0	0	0	0	0	-1.69632e-038	-3.26785e-031	-2.25021e-024	-5.24691e-018	-2.42559e-012	
0	0	0	0	0	-2.43685e-038	-4.48564e-031	-2.95998e-024	-6.63565e-018	-2.95177e-012	
0	0	0	0	0	-3.47015e-038	-6.1138e-031	-3.87217e-024	-8.35493e-018	-3.57719e-012	
0	0	0	0	0	-4.90098e-038	-8.27743e-031	-5.03892e-024	-1.04747e-017	-4.3173e-012	
0	0	0	0	0	-6.86799e-038	-1.11361e-030	-6.52444e-024	-1.30775e-017	-5.18932e-012	
0	0	0	0	0	-9.55372e-038	-1.48925e-030	-8.40745e-024	-1.62608e-017	-6.21231e-012	
0	0	0	0	0	-1.31971e-037	-1.98029e-030	-1.07841e-023	-2.01389e-017	-7.40725e-012	
0	0	0	0	0	-1.81093e-037	-2.61898e-030	-1.37714e-023	-2.48449e-017	-8.79705e-012	
0	0	0	0	0	-2.46936e-037	-3.44579e-030	-1.75112e-023	-3.05339e-017	-1.04066e-011	
0	0	0	0	0	-3.34703e-037	-4.51121e-030	-2.21745e-023	-3.73852e-017	-1.22627e-011	
0	0	0	0	0	-4.51073e-037	-5.87808e-030	-2.79673e-023	-4.56056e-017	-1.43941e-011	
0	0	0	0	0	-6.04586e-037	-7.62424e-030	-3.51362e-023	-5.54324e-017	-1.68314e-011	
0	0	0	0	0	-8.06111e-037	-9.84578e-030	-4.39755e-023	-6.71368e-017	-1.96069e-011	
0	0	0	0	0	-1.06943e-036	-1.26609e-029	-5.48353e-023	-8.10275e-017	-2.27544e-011	
0	0	0	0	0	-1.41195e-036	-1.62144e-029	-6.81306e-023	-9.74542e-017	-2.63092e-011	
0	0	0	0	0	-1.85557e-036	-2.06832e-029	-8.43512e-023	-1.16812e-016	-3.03076e-011	
0	0	0	0	0	-2.42772e-036	-2.62824e-029	-1.04073e-022	-1.39544e-016	-3.47869e-011	
0	0	0	0	0	-3.16266e-036	-3.3273e-029	-1.27973e-022	-1.66147e-016	-3.97846e-011	
0	0	0	0	-9.3887e-044	-4.10302e-036	-4.19705e-029	-1.56839e-022	-1.97176e-016	-4.53387e-011	
0	0	0	0	-1.75162e-043	-5.30167e-036	-5.27548e-029	-1.91592e-022	-2.33246e-016	-5.1487e-011	
0	0	0	0	-2.46629e-043	-6.8239e-036	-6.6082e-029	-2.33297e-022	-2.75036e-016	-5.82665e-011	
0	0	0	0	-3.09687e-043	-8.75015e-036	-8.24981e-029	-2.83189e-022	-3.23296e-016	-6.57134e-011	
0	0	0	0	-4.56823e-043	-1.11792e-035	-1.02654e-028	-3.42689e-022	-3.7885e-016	-7.38621e-011	
0	0	0	0	-5.85743e-043	-1.42317e-035	-1.27325e-028	-4.13432e-022	-4.42596e-016	-8.27454e-011	
0	0	0	0	-7.91734e-043	-1.80552e-035	-1.57429e-028	-4.97289e-022	-5.15515e-016	-9.23937e-011	
0	0	0	0	-9.711e-043	-2.28287e-035	-1.9405e-028	-5.96395e-022	-5.98668e-016	-1.02835e-010	
0	0	0	0	-1.22193e-042	-2.87694e-035	-2.38469e-028	-7.13183e-022	-6.93205e-016	-1.14093e-010	
0	0	0	0	-1.53302e-042	-3.61398e-035	-2.92186e-028	-8.50411e-022	-8.00365e-016	-1.26189e-010	
0	0	0	0	-1.99265e-042	-4.52561e-035	-3.56963e-028	-1.0112e-021	-9.21474e-016	-1.39142e-010	
0	0	0	0	-2.57979e-042	-5.64984e-035	-4.34855e-028	-1.19907e-021	-1.05795e-015	-1.52962e-010	
0	0	0	0	-3.27904e-042	-7.03219e-035	-5.28257e-028	-1.41797e-021	-1.21132e-015	-1.67661e-010	
0	0	0	0	-4.17026e-042	-8.72705e-035	-6.39949e-028	-1.67234e-021	-1.38318e-015	-1.83242e-010	
0	0	0	0	-5.32213e-042	-1.07992e-034	-7.73153e-028	-1.96714e-021	-1.57523e-015	-1.99705e-010	
0	0	0	0	-6.70241e-042	-1.33257e-034	-9.31591e-028	-2.3079e-021	-1.78928e-015	-2.17047e-010	
0	0	0	0	-8.46805e-042	-1.63976e-034	-1.11955e-027	-2.70077e-021	-2.02721e-015	-2.35258e-010	
0	0	0	0	-1.06625e-041	-2.01229e-034	-1.34195e-027	-3.15256e-021	-2.291e-015	-2.54324e-010	
0	0	0	0	-1.33263e-041	-2.46285e-034	-1.60445e-027	-3.67081e-021	-2.58272e-015	-2.7423e-010	
0	0	0	0	-1.66797e-041	-3.00639e-034	-1.91349e-027	-4.26383e-021	-2.90454e-015	-2.94954e-010	
0	0	0	0	-2.08219e-041	-3.66042e-034	-2.27643e-027	-4.94078e-021	-3.2587e-015	-3.1647e-010	
0	0	0	0	-2.58385e-041	-4.44543e-034	-2.70165e-027	-5.71169e-021	-3.64751e-015	-3.38752e-010	
0	0	0	0	-3.1993e-041	-5.38533e-034	-3.19864e-027	-6.58755e-021	-4.0734e-015	-3.61768e-010	
