0	0	0	0	0	0	0	0	0	0	0	0	0	0	0	0	0	0	0	0	0	0	0	0	0	0	0	0	0	0	
0	0	0	0	0	0	0	0	0	0	0	0	0	0	-1.63677e-007	1.63677e-007	0	0	0	0	0	0	0	0	0	0	0	0	0	0	
0	0	0	0	0	0	0	0	0	0	0	0	0	-4.08821e-008	-3.43185e-007	3.43185e-007	4.08821e-008	0	0	0	0	0	0	0	0	0	0	0	0	0	
0	0	0	0	0	0	0	0	0	0	0	0	-1.02112e-008	-1.4706e-007	-5.22068e-007	5.22068e-007	1.4706e-007	1.02112e-008	0	0	0	0	0	0	0	0	0	0	0	0	
0	0	0	0	0	0	0	0	0	0	0	-2.55048e-009	-5.2053e-008	-3.12724e-007	-7.05637e-007	7.05637e-007	3.12724e-007	5.2053e-008	2.55048e-009	0	0	0	0	0	0	0	0	0	0	0	
0	0	0	0	0	0	0	0	0	0	-6.37039e-010	-1.68283e-008	-1.46639e-007	-5.11418e-007	-9.19562e-007	9.19562e-007	5.11418e-007	1.46639e-007	1.68283e-008	6.37039e-010	0	0	0	0	0	0	0	0	0	0	
0	0	0	0	0	0	0	0	0	-1.59115e-010	-5.15908e-009	-5.9485e-008	-2.99913e-007	-7.20944e-007	-1.19853e-006	1.19853e-006	7.20944e-007	2.99913e-007	5.9485e-008	5.15908e-009	1.59115e-010	0	0	0	0	0	0	0	0	0	
0	0	0	0	0	0	0	0	-3.97424e-011	-1.52734e-009	-2.20014e-008	-1.48625e-007	-4.98297e-007	-9.44596e-007	-1.57407e-006	1.57407e-006	9.44596e-007	4.98297e-007	1.48625e-007	2.20014e-008	1.52734e-009	3.97424e-011	0	0	0	0	0	0	0	0	
0	0	0	0	0	0	0	-9.92656e-012	-4.41119e-010	-7.63785e-009	-6.53569e-008	-2.93476e-007	-7.20816e-007	-1.214e-006	-2.06993e-006	2.06993e-006	1.214e-006	7.20816e-007	2.93476e-007	6.53569e-008	7.63785e-009	4.41119e-010	9.92656e-012	0	0	0	0	0	0	0	
0	0	0	0	0	0	-2.47938e-012	-1.25074e-010	-2.53234e-009	-2.63674e-008	-1.51274e-007	-4.88087e-007	-9.59781e-007	-1.57401e-006	-2.70697e-006	2.70697e-006	1.57401e-006	9.59781e-007	4.88087e-007	1.51274e-007	2.63674e-008	2.53234e-009	1.25074e-010	2.47938e-012	0	0	0	0	0	0	
0	0	0	0	0	-6.19281e-013	-3.49602e-011	-8.10869e-010	-9.97564e-009	-7.03418e-008	-2.90119e-007	-7.16387e-007	-1.23435e-006	-2.06358e-006	-3.51257e-006	3.51257e-006	2.06358e-006	1.23435e-006	7.16387e-007	2.90119e-007	7.03418e-008	9.97564e-009	8.10869e-010	3.49602e-011	6.19281e-013	0	0	0	0	0	
0	0	0	0	-1.54679e-013	-9.66128e-012	-2.52664e-010	-3.59197e-009	-3.02076e-008	-1.54133e-007	-4.8054e-007	-9.6759e-007	-1.58666e-006	-2.70795e-006	-4.52758e-006	4.52758e-006	2.70795e-006	1.58666e-006	9.6759e-007	4.8054e-007	1.54133e-007	3.02076e-008	3.59197e-009	2.52664e-010	9.66128e-012	1.54679e-013	0	0	0	0	
0	0	0	-3.86346e-014	-2.64521e-012	-7.70242e-011	-1.24374e-009	-1.21869e-008	-7.47448e-008	-2.88498e-007	-7.11085e-007	-1.25177e-006	-2.06442e-006	-3.52675e-006	-5.80709e-006	5.80709e-006	3.52675e-006	2.06442e-006	1.25177e-006	7.11085e-007	2.88498e-007	7.47448e-008	1.21869e-008	1.24374e-009	7.70242e-011	2.64521e-012	3.86346e-014	0	0	0	
0	0	-9.64985e-015	-7.1867e-013	-2.30625e-011	-4.17222e-010	-4.67669e-009	-3.36737e-008	-1.57046e-007	-4.75024e-007	-9.71127e-007	-1.60388e-006	-2.70445e-006	-4.54986e-006	-7.41699e-006	7.41699e-006	4.54986e-006	2.70445e-006	1.60388e-006	9.71127e-007	4.75024e-007	1.57046e-007	3.36737e-008	4.67669e-009	4.17222e-010	2.30625e-011	7.1867e-013	9.64985e-015	0	0	
0	-2.41027e-015	-1.93983e-013	-6.80248e-012	-1.36349e-010	-1.72287e-009	-1.42884e-008	-7.8733e-008	-2.87955e-007	-7.06041e-007	-1.2653e-006	-2.07283e-006	-3.53051e-006	-5.82816e-006	-9.43112e-006	9.43112e-006	5.82816e-006	3.53051e-006	2.07283e-006	1.2653e-006	7.06041e-007	2.87955e-007	7.8733e-008	1.42884e-008	1.72287e-009	1.36349e-010	6.80248e-012	1.93983e-013	2.41027e-015	0	
-6.02018e-016	-5.20681e-014	-1.98109e-012	-4.35928e-011	-6.13547e-010	-5.77077e-009	-3.68581e-008	-1.59954e-007	-4.71032e-007	-9.72319e-007	-1.62148e-006	-2.70418e-006	-4.56638e-006	-7.4325e-006	-1.19325e-005	1.19325e-005	7.4325e-006	4.56638e-006	2.70418e-006	1.62148e-006	9.72319e-007	4.71032e-007	1.59954e-007	3.68581e-008	5.77077e-009	6.13547e-010	4.35928e-011	1.98109e-012	5.20681e-014	6.02018e-016	
-1.39085e-014	-5.70687e-013	-1.36798e-011	-2.12349e-010	-2.23652e-009	-1.62953e-008	-8.24088e-008	-2.88127e-007	-7.01618e-007	-1.27553e-006	-2.08595e-006	-3.53022e-006	-5.853e-006	-9.44494e-006	-1.50182e-005	1.50182e-005	9.44494e-006	5.853e-006	3.53022e-006	2.08595e-006	1.27553e-006	7.01618e-007	2.88127e-007	8.24088e-008	1.62953e-008	2.23652e-009	2.12349e-010	1.36798e-011	5.70687e-013	1.39085e-014	
-1.62809e-013	-4.22454e-012	-7.17262e-011	-8.37063e-010	-6.86539e-009	-3.98216e-008	-1.62829e-007	-4.68197e-007	-9.72273e-007	-1.63782e-006	-2.70874e-006	-4.5757e-006	-7.45662e-006	-1.19522e-005	-1.88038e-005	1.88038e-005	1.19522e-005	7.45662e-006	4.5757e-006	2.70874e-006	1.63782e-006	9.72273e-007	4.68197e-007	1.62829e-007	3.98216e-008	6.86539e-009	8.37063e-010	7.17262e-011	4.22454e-012	1.62809e-013	
-1.28555e-012	-2.37239e-011	-3.04073e-010	-2.77633e-009	-1.82201e-008	-8.58403e-008	-2.88798e-007	-6.97898e-007	-1.28326e-006	-2.10136e-006	-3.53035e-006	-5.87443e-006	-9.46355e-006	-1.5048e-005	-2.3426e-005	2.3426e-005	1.5048e-005	9.46355e-006	5.87443e-006	3.53035e-006	2.10136e-006	1.28326e-006	6.97898e-007	2.88798e-007	8.58403e-008	1.82201e-008	2.77633e-009	3.04073e-010	2.37239e-011	1.28555e-012	
-7.69169e-012	-1.07642e-010	-1.0839e-009	-7.95552e-009	-4.26071e-008	-1.65662e-007	-4.66255e-007	-9.71625e-007	-1.65238e-006	-2.71748e-006	-4.58053e-006	-7.48414e-006	-1.19689e-005	-1.88415e-005	-2.9042e-005	2.9042e-005	1.88415e-005	1.19689e-005	7.48414e-006	4.58053e-006	2.71748e-006	1.65238e-006	9.71625e-007	4.66255e-007	1.65662e-007	4.26071e-008	7.95552e-009	1.0839e-009	1.07642e-010	7.69169e-012	
-3.71415e-011	-4.10437e-010	-3.33622e-009	-2.00734e-008	-8.90748e-008	-2.89829e-007	-6.9486e-007	-1.28916e-006	-2.11749e-006	-3.53291e-006	-5.89061e-006	-9.48877e-006	-1.50706e-005	-2.34662e-005	-3.58277e-005	3.58277e-005	2.34662e-005	1.50706e-005	9.48877e-006	5.89061e-006	3.53291e-006	2.11749e-006	1.28916e-006	6.9486e-007	2.89829e-007	8.90748e-008	2.00734e-008	3.33622e-009	4.10437e-010	3.71415e-011	
-1.50553e-010	-1.35077e-009	-9.03824e-009	-4.52454e-008	-1.68451e-007	-4.65018e-007	-9.70738e-007	-1.66515e-006	-2.72925e-006	-4.58369e-006	-7.51052e-006	-1.19889e-005	-1.88751e-005	-2.90815e-005	-4.39788e-005	4.39788e-005	2.90815e-005	1.88751e-005	1.19889e-005	7.51052e-006	4.58369e-006	2.72925e-006	1.66515e-006	9.70738e-007	4.65018e-007	1.68451e-007	4.52454e-008	9.03824e-009	1.35077e-009	1.50553e-010	
-5.26143e-010	-3.91144e-009	-2.18637e-008	-9.21471e-008	-2.91127e-007	-6.92447e-007	-1.29375e-006	-2.13347e-006	-3.53841e-006	-5.90233e-006	-9.51796e-006	-1.50904e-005	-2.35089e-005	-3.58684e-005	-5.37132e-005	5.37132e-005	3.58684e-005	2.35089e-005	1.50904e-005	9.51796e-006	5.90233e-006	3.53841e-006	2.13347e-006	1.29375e-006	6.92447e-007	2.91127e-007	9.21471e-008	2.18637e-008	3.91144e-009	5.26143e-010	
-1.61587e-009	-1.01105e-008	-4.776e-008	-1.71194e-007	-4.64343e-007	-9.69826e-007	-1.67631e-006	-2.74297e-006	-4.5871e-006	-7.53361e-006	-1.20141e-005	-1.89028e-005	-2.91271e-005	-4.40255e-005	-6.52731e-005	6.52731e-005	4.40255e-005	2.91271e-005	1.89028e-005	1.20141e-005	7.53361e-006	4.5871e-006	2.74297e-006	1.67631e-006	9.69826e-007	4.64343e-007	1.71194e-007	4.776e-008	1.01105e-008	1.61587e-009	
-4.42373e-009	-2.35917e-008	-9.50829e-008	-2.92631e-007	-6.90594e-007	-1.29741e-006	-2.14883e-006	-3.54666e-006	-5.91113e-006	-9.54804e-006	-1.51118e-005	-2.35484e-005	-3.59127e-005	-5.37684e-005	-7.89251e-005	7.89251e-005	5.37684e-005	3.59127e-005	2.35484e-005	1.51118e-005	9.54804e-006	5.91113e-006	3.54666e-006	2.14883e-006	1.29741e-006	6.90594e-007	2.92631e-007	9.50829e-008	2.35917e-008	4.42373e-009	
-1.09143e-008	-5.01418e-008	-1.73891e-007	-4.64126e-007	-9.6901e-007	-1.68609e-006	-2.75783e-006	-4.59179e-006	-7.55299e-006	-1.20438e-005	-1.8927e-005	-2.9175e-005	-4.40699e-005	-6.53349e-005	-9.49585e-005	9.49585e-005	6.53349e-005	4.40699e-005	2.9175e-005	1.8927e-005	1.20438e-005	7.55299e-006	4.59179e-006	2.75783e-006	1.68609e-006	9.6901e-007	4.64126e-007	1.73891e-007	5.01418e-008	1.09143e-008	
-2.44767e-008	-9.78031e-008	-2.94283e-007	-6.89234e-007	-1.30043e-006	-2.16335e-006	-3.55721e-006	-5.91847e-006	-9.57689e-006	-1.51371e-005	-2.35826e-005	-3.59623e-005	-5.38181e-005	-7.89891e-005	-0.000113681	0.000113681	7.89891e-005	5.38181e-005	3.59623e-005	2.35826e-005	1.51371e-005	9.57689e-006	5.91847e-006	3.55721e-006	2.16335e-006	1.30043e-006	6.89234e-007	2.94283e-007	9.78031e-008	2.44767e-008	
-5.02404e-008	-1.76225e-007	-4.64247e-007	-9.68354e-007	-1.69472e-006	-2.77323e-006	-4.59822e-006	-7.56915e-006	-1.20758e-005	-1.8951e-005	-2.92209e-005	-4.41174e-005	-6.53935e-005	-9.50215e-005	-0.000135418	0.000135418	9.50215e-005	6.53935e-005	4.41174e-005	2.92209e-005	1.8951e-005	1.20758e-005	7.56915e-006	4.59822e-006	2.77323e-006	1.69472e-006	9.68354e-007	4.64247e-007	1.76225e-007	5.02404e-008	
-9.49228e-008	-2.95119e-007	-6.88184e-007	-1.30299e-006	-2.17697e-006	-3.56956e-006	-5.92545e-006	-9.6034e-006	-1.51663e-005	-2.36129e-005	-3.60147e-005	-5.38659e-005	-7.9055e-005	-0.000113744	-0.000160505	0.000160505	0.000113744	7.9055e-005	5.38659e-005	3.60147e-005	2.36129e-005	1.51663e-005	9.6034e-006	5.92545e-006	3.56956e-006	2.17697e-006	1.30299e-006	6.88184e-007	2.95119e-007	9.49228e-008	
-1.659e-007	-4.62187e-007	-9.67504e-007	-1.70236e-006	-2.78875e-006	-4.60649e-006	-7.5829e-006	-1.21085e-005	-1.89771e-005	-2.92627e-005	-4.41697e-005	-6.54473e-005	-9.50892e-005	-0.000135481	-0.000189291	0.000189291	0.000135481	9.50892e-005	6.54473e-005	4.41697e-005	2.92627e-005	1.89771e-005	1.21085e-005	7.5829e-006	4.60649e-006	2.78875e-006	1.70236e-006	9.67504e-007	4.62187e-007	1.659e-007	
-2.69444e-007	-6.81464e-007	-1.30416e-006	-2.18953e-006	-3.58321e-006	-5.93283e-006	-9.62728e-006	-1.51988e-005	-2.36413e-005	-3.60667e-005	-5.39158e-005	-7.91178e-005	-0.000113808	-0.00016057	-0.000222125	0.000222125	0.00016057	0.000113808	7.91178e-005	5.39158e-005	3.60667e-005	2.36413e-005	1.51988e-005	9.62728e-006	5.93283e-006	3.58321e-006	2.18953e-006	1.30416e-006	6.81464e-007	2.69444e-007	
-4.08599e-007	-9.53362e-007	-1.70642e-006	-2.80366e-006	-4.61643e-006	-7.59507e-006	-1.21405e-005	-1.90062e-005	-2.93004e-005	-4.42255e-005	-6.54985e-005	-9.51583e-005	-0.000135543	-0.000189354	-0.000259357	0.000259357	0.000189354	0.000135543	9.51583e-005	6.54985e-005	4.42255e-005	2.93004e-005	1.90062e-005	1.21405e-005	7.59507e-006	4.61643e-006	2.80366e-006	1.70642e-006	9.53362e-007	4.08599e-007	
-5.81765e-007	-1.27729e-006	-2.19465e-006	-3.59651e-006	-5.94086e-006	-9.64864e-006	-1.52332e-005	-2.36699e-005	-3.61161e-005	-5.39698e-005	-7.9176e-005	-0.000113878	-0.000160631	-0.000222182	-0.000301321	0.000301321	0.000222182	0.000160631	0.000113878	7.9176e-005	5.39698e-005	3.61161e-005	2.36699e-005	1.52332e-005	9.64864e-006	5.94086e-006	3.59651e-006	2.19465e-006	1.27729e-006	5.81765e-007	
-7.83343e-007	-1.65662e-006	-2.8039e-006	-4.62477e-006	-7.60583e-006	-1.2171e-005	-1.90384e-005	-2.93352e-005	-4.42825e-005	-6.55505e-005	-9.52252e-005	-0.000135607	-0.000189415	-0.000259403	-0.000348331	0.000348331	0.000259403	0.000189415	0.000135607	9.52252e-005	6.55505e-005	4.42825e-005	2.93352e-005	1.90384e-005	1.2171e-005	7.60583e-006	4.62477e-006	2.8039e-006	1.65662e-006	7.83343e-007	
-1.00738e-006	-2.10439e-006	-3.58139e-006	-5.94281e-006	-9.66648e-006	-1.52684e-005	-2.37001e-005	-3.61619e-005	-5.40276e-005	-7.9231e-005	-0.000113949	-0.00016069	-0.00022224	-0.000301355	-0.000400666	0.000400666	0.000301355	0.00022224	0.00016069	0.000113949	7.9231e-005	5.40276e-005	3.61619e-005	2.37001e-005	1.52684e-005	9.66648e-006	5.94281e-006	3.58139e-006	2.10439e-006	1.00738e-006	
-1.25381e-006	-2.64707e-006	-4.57979e-006	-7.6011e-006	-1.21962e-005	-1.90726e-005	-2.93684e-005	-4.43384e-005	-6.56055e-005	-9.52879e-005	-0.000135675	-0.000189472	-0.000259453	-0.000348351	-0.000458566	0.000458566	0.000348351	0.000259453	0.000189472	0.000135675	9.52879e-005	6.56055e-005	4.43384e-005	2.93684e-005	1.90726e-005	1.21962e-005	7.6011e-006	4.57979e-006	2.64707e-006	1.25381e-006	
-1.53507e-006	-3.3245e-006	-5.85008e-006	-9.65249e-006	-1.52958e-005	-2.37308e-005	-3.62042e-005	-5.40877e-005	-7.92853e-005	-0.000114019	-0.000160751	-0.000222296	-0.00030139	-0.000400672	-0.000522216	0.000522216	0.000400672	0.00030139	0.000222296	0.000160751	0.000114019	7.92853e-005	5.40877e-005	3.62042e-005	2.37308e-005	1.52958e-005	9.65249e-006	5.85008e-006	3.3245e-006	1.53507e-006	
-1.87986e-006	-4.18579e-006	-7.4393e-006	-1.21637e-005	-1.90926e-005	-2.93978e-005	-4.43913e-005	-6.56639e-005	-9.53469e-005	-0.000135746	-0.000189527	-0.000259504	-0.00034837	-0.000458553	-0.000591738	0.000591738	0.000458553	0.00034837	0.000259504	0.000189527	0.000135746	9.53469e-005	6.56639e-005	4.43913e-005	2.93978e-005	1.90926e-005	1.21637e-005	7.4393e-006	4.18579e-006	1.87986e-006	
-2.33107e-006	-5.28376e-006	-9.3959e-006	-1.52255e-005	-2.37328e-005	-3.62358e-005	-5.41468e-005	-7.93407e-005	-0.000114085	-0.000160816	-0.000222348	-0.000301429	-0.000400674	-0.00052218	-0.000667173	0.000667173	0.00052218	0.000400674	0.000301429	0.000222348	0.000160816	0.000114085	7.93407e-005	5.41468e-005	3.62358e-005	2.37328e-005	1.52255e-005	9.3959e-006	5.28376e-006	2.33107e-006	
-2.93754e-006	-6.67133e-006	-1.17815e-005	-1.89562e-005	-2.93709e-005	-4.44245e-005	-6.57213e-005	-9.5403e-005	-0.000135817	-0.000189583	-0.000259552	-0.000348391	-0.000458538	-0.000591673	-0.000748474	0.000748474	0.000591673	0.000458538	0.000348391	0.000259552	0.000189583	0.000135817	9.5403e-005	6.57213e-005	4.44245e-005	2.93709e-005	1.89562e-005	1.17815e-005	6.67133e-006	2.93755e-006	
-3.7429e-006	-8.40268e-006	-1.46827e-005	-2.34961e-005	-3.61677e-005	-5.41726e-005	-7.93901e-005	-0.000114146	-0.000160884	-0.000222397	-0.00030147	-0.000400675	-0.000522144	-0.000667077	-0.000835496	0.000835496	0.000667077	0.000522144	0.000400675	0.00030147	0.000222397	0.000160884	0.000114146	7.93901e-005	5.41726e-005	3.61677e-005	2.34961e-005	1.46827e-005	8.40268e-006	3.7429e-006	
-4.77726e-006	-1.05387e-005	-1.82167e-005	-2.89997e-005	-4.42966e-005	-6.57223e-005	-9.54414e-005	-0.000135882	-0.000189641	-0.000259597	-0.000348416	-0.00045852	-0.000591611	-0.000748348	-0.000927985	0.000927985	0.000748348	0.000591611	0.00045852	0.000348416	0.000259597	0.000189641	0.000135882	9.54414e-005	6.57223e-005	4.42966e-005	2.89997e-005	1.82167e-005	1.05387e-005	4.77726e-006	
-6.05745e-006	-1.31535e-005	-2.25262e-005	-3.56308e-005	-5.39563e-005	-7.93434e-005	-0.000114171	-0.000160945	-0.000222444	-0.000301509	-0.000400679	-0.000522106	-0.000666983	-0.000835338	-0.00102557	0.00102557	0.000835338	0.000666983	0.000522106	0.000400679	0.000301509	0.000222444	0.000160945	0.000114171	7.93434e-005	5.39563e-005	3.56308e-005	2.25262e-005	1.31535e-005	6.05745e-006	
-7.59704e-006	-1.63369e-005	-2.77679e-005	-4.35659e-005	-6.53798e-005	-9.53224e-005	-0.000135884	-0.000189685	-0.000259634	-0.000348442	-0.0004585	-0.000591549	-0.00074822	-0.000927794	-0.00112778	0.00112778	0.000927794	0.00074822	0.000591549	0.0004585	0.000348442	0.000259634	0.000189685	0.000135884	9.53224e-005	6.53798e-005	4.35659e-005	2.77679e-005	1.63369e-005	7.59704e-006	
-9.42207e-006	-2.01925e-005	-3.41002e-005	-5.30037e-005	-7.88336e-005	-0.000113954	-0.000160904	-0.000222459	-0.000301534	-0.000400683	-0.000522065	-0.000666893	-0.000835178	-0.00102535	-0.00123398	0.00123398	0.00102535	0.000835178	0.000666893	0.000522065	0.000400683	0.000301534	0.000222459	0.000160904	0.000113954	7.88336e-005	5.30037e-005	3.41002e-005	2.01925e-005	9.42207e-006	
-1.15839e-005	-2.48317e-005	-4.16804e-005	-6.41714e-005	-9.46078e-005	-0.00013554	-0.000189572	-0.000259609	-0.000348448	-0.000458477	-0.000591485	-0.000748095	-0.000927601	-0.00112751	-0.00134345	0.00134345	0.00112751	0.000927601	0.000748095	0.000591485	0.000458477	0.000348448	0.000259609	0.000189572	0.00013554	9.46078e-005	6.41714e-005	4.16804e-005	2.48317e-005	1.15839e-005	
-1.41613e-005	-3.03703e-005	-5.06699e-005	-7.73237e-005	-0.000113004	-0.000160398	-0.000222237	-0.000301455	-0.000400655	-0.000522011	-0.000666801	-0.000835016	-0.00102512	-0.00123368	-0.00145534	0.00145534	0.00123368	0.00102512	0.000835016	0.000666801	0.000522011	0.000400655	0.000301455	0.000222237	0.000160398	0.000113004	7.73237e-005	5.06699e-005	3.03703e-005	1.41613e-005	
-1.72502e-005	-3.69306e-005	-6.12465e-005	-9.27305e-005	-0.000134325	-0.000188864	-0.000259244	-0.000348292	-0.000458396	-0.000591398	-0.000747968	-0.000927405	-0.00112725	-0.00134312	-0.00156869	0.00156869	0.00134312	0.00112725	0.000927405	0.000747968	0.000591398	0.000458396	0.000348292	0.000259244	0.000188864	0.000134325	9.27305e-005	6.12465e-005	3.69306e-005	1.72502e-005	
-2.09461e-005	-4.46487e-005	-7.36135e-005	-0.000110663	-0.00015888	-0.000221287	-0.000300913	-0.000400389	-0.000521856	-0.000666671	-0.000834846	-0.00102489	-0.00123338	-0.00145499	-0.00168244	0.00168244	0.00145499	0.00123338	0.00102489	0.000834846	0.000666671	0.000521856	0.000400389	0.000300913	0.000221287	0.00015888	0.000110663	7.36135e-005	4.46487e-005	2.09461e-005	
-2.53305e-005	-5.36812e-005	-8.79997e-005	-0.000131384	-0.000186979	-0.00025801	-0.00034754	-0.000457978	-0.000591148	-0.000747779	-0.000927187	-0.00112698	-0.00134279	-0.00156831	-0.00179544	0.00179544	0.00156831	0.00134279	0.00112698	0.000927187	0.000747779	0.000591148	0.000457978	0.00034754	0.00025801	0.000186979	0.000131384	8.79997e-005	5.36812e-005	2.53305e-005	
-3.04693e-005	-6.42042e-005	-0.00010465	-0.000155156	-0.000218933	-0.000299354	-0.000399389	-0.000521244	-0.000666299	-0.000834576	-0.00102462	-0.00123308	-0.00145462	-0.00168204	-0.00190647	0.00190647	0.00168204	0.00145462	0.00123308	0.00102462	0.000834576	0.000666299	0.000521244	0.000399389	0.000299354	0.000218933	0.000155156	0.00010465	6.42042e-005	3.04693e-005	
-3.64237e-005	-7.64035e-005	-0.000123814	-0.000182242	-0.000255045	-0.000345597	-0.000456689	-0.000590306	-0.000747251	-0.00092681	-0.00112665	-0.00134244	-0.00156792	-0.00179502	-0.00201427	0.00201427	0.00179502	0.00156792	0.00134244	0.00112665	0.00092681	0.000747251	0.000590306	0.000456689	0.000345597	0.000255045	0.000182242	0.000123814	7.64035e-005	3.64237e-005	
-4.32664e-005	-9.04587e-005	-0.000145729	-0.000212919	-0.00029559	-0.00039697	-0.000519615	-0.000665194	-0.000833851	-0.00102411	-0.00123267	-0.00145422	-0.00168162	-0.00190604	-0.00211756	0.00211756	0.00190604	0.00168162	0.00145422	0.00123267	0.00102411	0.000833851	0.000665194	0.000519615	0.00039697	0.00029559	0.000212919	0.000145729	9.04587e-005	4.32664e-005	
-5.10896e-005	-0.000106532	-0.000170621	-0.000247462	-0.000340808	-0.000453655	-0.000588269	-0.000745847	-0.000925847	-0.00112598	-0.00134193	-0.00156747	-0.00179458	-0.00201384	-0.00221505	0.00221505	0.00201384	0.00179458	0.00156747	0.00134193	0.00112598	0.000925847	0.000745847	0.000588269	0.000453655	0.000340808	0.000247462	0.000170621	0.000106532	5.10896e-005	
-6e-005	-0.000124764	-0.000198699	-0.000286128	-0.000390897	-0.000515776	-0.000662659	-0.0008321	-0.00102287	-0.0012318	-0.00145358	-0.0016811	-0.00190558	-0.00211713	-0.00230546	0.00230546	0.00211713	0.00190558	0.0016811	0.00145358	0.0012318	0.00102287	0.0008321	0.000662659	0.000515776	0.000390897	0.000286128	0.000198699	0.000124764	6e-005	
-7.01003e-005	-0.000145288	-0.000230147	-0.000329125	-0.000446009	-0.000583393	-0.000742683	-0.00092368	-0.00112443	-0.00134083	-0.00156667	-0.00179398	-0.00201335	-0.00221462	-0.0023876	0.0023876	0.00221462	0.00201335	0.00179398	0.00156667	0.00134083	0.00112443	0.00092368	0.000742683	0.000583393	0.000446009	0.000329125	0.000230147	0.000145288	7.01003e-005	
-8.14712e-005	-0.000168227	-0.000265121	-0.000376594	-0.000506241	-0.000656482	-0.000828129	-0.00102019	-0.0012299	-0.00145222	-0.00168013	-0.00190487	-0.0021166	-0.00230504	-0.00246033	0.00246033	0.00230504	0.0021166	0.00190487	0.00168013	0.00145222	0.0012299	0.00102019	0.000828129	0.000656482	0.000506241	0.000376594	0.000265121	0.000168227	8.14712e-005	
-9.4162e-005	-0.000193698	-0.000303737	-0.000428602	-0.000571617	-0.000734917	-0.000918675	-0.00112112	-0.00133852	-0.00156501	-0.00179279	-0.00201251	-0.00221404	-0.00238718	-0.00252262	0.00252262	0.00238718	0.00221404	0.00201251	0.00179279	0.00156501	0.00133852	0.00112112	0.000918675	0.000734917	0.000571617	0.000428602	0.000303737	0.000193698	9.4162e-005	
-0.000108195	-0.000221793	-0.000346056	-0.000485144	-0.00064206	-0.000818463	-0.00101389	-0.00122577	-0.00144941	-0.00167812	-0.00190344	-0.00211561	-0.00230438	-0.0024599	-0.00257358	0.00257358	0.0024599	0.00230438	0.00211561	0.00190344	0.00167812	0.00144941	0.00122577	0.00101389	0.000818463	0.00064206	0.000485144	0.000346056	0.000221793	0.000108195	
-0.000123578	-0.000252552	-0.000392078	-0.000546139	-0.00071737	-0.000906759	-0.00111321	-0.00133337	-0.00156156	-0.00179038	-0.00201081	-0.00221286	-0.00238643	-0.00252217	-0.00261246	0.00261246	0.00252217	0.00238643	0.00221286	0.00201081	0.00179038	0.00156156	0.00133337	0.00111321	0.000906759	0.00071737	0.000546139	0.000392078	0.000252552	0.000123578	
-0.000140308	-0.000285946	-0.00044173	-0.000611422	-0.000797215	-0.000999318	-0.00121596	-0.00144297	-0.00167387	-0.00190055	-0.00211358	-0.002303	-0.00245902	-0.00257309	-0.00263867	0.00263867	0.00257309	0.00245902	0.002303	0.00211358	0.00190055	0.00167387	0.00144297	0.00121596	0.000999318	0.000797215	0.000611422	0.00044173	0.000285946	0.000140308	
-0.00015837	-0.000321875	-0.000494856	-0.000680727	-0.000881134	-0.00109551	-0.00132129	-0.00155354	-0.00178513	-0.00200731	-0.00221046	-0.00238479	-0.00252114	-0.0026119	-0.00265181	0.00265181	0.0026119	0.00252114	0.00238479	0.00221046	0.00200731	0.00178513	0.00155354	0.00132129	0.00109551	0.000881134	0.000680727	0.000494856	0.000321875	0.00015837	
-0.000177714	-0.00036017	-0.000551202	-0.000753663	-0.000968541	-0.00119455	-0.00142824	-0.00166395	-0.00189403	-0.00210932	-0.00230014	-0.0024571	-0.00257187	-0.00263801	-0.00265168	0.00265168	0.00263801	0.00257187	0.0024571	0.00230014	0.00210932	0.00189403	0.00166395	0.00142824	0.00119455	0.000968541	0.000753663	0.000551202	0.00036017	0.000177714	
-0.000198243	-0.000400608	-0.000610402	-0.0008297	-0.00105873	-0.00129551	-0.0015357	-0.00177296	-0.00199924	-0.00220521	-0.00238136	-0.00251887	-0.00261045	-0.00265101	-0.00263824	0.00263824	0.00265101	0.00261045	0.00251887	0.00238136	0.00220521	0.00199924	0.00177296	0.0015357	0.00129551	0.00105873	0.0008297	0.000610402	0.000400608	0.000198243	
-0.000219801	-0.000442901	-0.000671976	-0.000908168	-0.00115085	-0.00139732	-0.00164242	-0.00187922	-0.00209938	-0.00229366	-0.00245293	-0.00256917	-0.00263629	-0.00265069	-0.00261168	0.00261168	0.00265069	0.00263629	0.00256917	0.00245293	0.00229366	0.00209938	0.00187922	0.00164242	0.00139732	0.00115085	0.000908168	0.000671976	0.000442901	0.000219801	
-0.000242183	-0.000486686	-0.000735327	-0.000988257	-0.00124392	-0.00149879	-0.00174707	-0.00198133	-0.00219305	-0.00237336	-0.00251376	-0.0026072	-0.00264896	-0.00263703	-0.00257237	0.00257237	0.00263703	0.00264896	0.0026072	0.00251376	0.00237336	0.00219305	0.00198133	0.00174707	0.00149879	0.00124392	0.000988257	0.000735327	0.000486686	0.000242183	
-0.000265145	-0.000531505	-0.00079975	-0.00106903	-0.00133679	-0.00159861	-0.00184822	-0.0020778	-0.00227888	-0.0024431	-0.00256285	-0.00263232	-0.00264822	-0.0026102	-0.00252086	0.00252086	0.0026102	0.00264822	0.00263232	0.00256285	0.0024431	0.00227888	0.0020778	0.00184822	0.00159861	0.00133679	0.00106903	0.00079975	0.000531505	0.000265145	
-0.00028841	-0.000576795	-0.000864431	-0.00114942	-0.00142818	-0.00169538	-0.00194436	-0.00216716	-0.0023555	-0.00250172	-0.00259938	-0.00264407	-0.00263401	-0.00257055	-0.00245787	0.00245787	0.00257055	0.00263401	0.00264407	0.00259938	0.00250172	0.0023555	0.00216716	0.00194436	0.00169538	0.00142818	0.00114942	0.000864431	0.000576795	0.00028841	
-0.000311669	-0.000621898	-0.000928451	-0.00122826	-0.00151668	-0.0017876	-0.00203397	-0.00224791	-0.0024216	-0.00254822	-0.00262269	-0.00264214	-0.00260646	-0.0025186	-0.00238426	0.00238426	0.0025186	0.00260646	0.00264214	0.00262269	0.00254822	0.0024216	0.00224791	0.00203397	0.0017876	0.00151668	0.00122826	0.000928451	0.000621898	0.000311669	
-0.000334568	-0.000666082	-0.000990786	-0.00130425	-0.00160081	-0.00187369	-0.00211548	-0.0023186	-0.00247595	-0.00258169	-0.00263225	-0.00262644	-0.00256588	-0.00245505	-0.00230102	0.00230102	0.00245505	0.00256588	0.00262644	0.00263225	0.00258169	0.00247595	0.0023186	0.00211548	0.00187369	0.00160081	0.00130425	0.000990786	0.000666082	0.000334568	
-0.000356705	-0.000708566	-0.00105031	-0.00137602	-0.00167903	-0.00195201	-0.00218733	-0.00237787	-0.0025174	-0.00260138	-0.00262773	-0.00259707	-0.00251274	-0.0023807	-0.00220923	0.00220923	0.0023807	0.00251274	0.00259707	0.00262773	0.00260138	0.0025174	0.00237787	0.00218733	0.00195201	0.00167903	0.00137602	0.00105031	0.000708566	0.000356705	
-0.000377631	-0.000748523	-0.00110583	-0.00144212	-0.00174974	-0.00202092	-0.00224799	-0.00242439	-0.00254498	-0.00260667	-0.00260897	-0.00255429	-0.00244768	-0.00229651	-0.00211002	0.00211002	0.00229651	0.00244768	0.00255429	0.00260897	0.00260667	0.00254498	0.00242439	0.00224799	0.00202092	0.00174974	0.00144212	0.00110583	0.000748523	0.000377631	
-0.000396874	-0.000785089	-0.0011561	-0.00150106	-0.00181136	-0.00207882	-0.002296	-0.00245697	-0.00255785	-0.00259713	-0.00257598	-0.00249854	-0.00237149	-0.00220349	-0.00200456	0.00200456	0.00220349	0.00237149	0.00249854	0.00257598	0.00259713	0.00255785	0.00245697	0.002296	0.00207882	0.00181136	0.00150106	0.0011561	0.000785089	0.000396874	
-0.000413954	-0.000817358	-0.00119986	-0.00155134	-0.00186227	-0.00212416	-0.00232997	-0.00247455	-0.00255533	-0.0025725	-0.00252893	-0.0024304	-0.00228508	-0.00210275	-0.00189402	0.00189402	0.00210275	0.00228508	0.0024304	0.00252893	0.0025725	0.00255533	0.00247455	0.00232997	0.00212416	0.00186227	0.00155134	0.00119986	0.000817358	0.000413954	
-0.000428399	-0.000844408	-0.00123588	-0.0015915	-0.00190094	-0.00215549	-0.00234864	-0.00247619	-0.00253692	-0.00253269	-0.00246816	-0.00235058	-0.00218942	-0.00199541	-0.00177956	0.00177956	0.00199541	0.00218942	0.00235058	0.00246816	0.00253269	0.00253692	0.00247619	0.00234864	0.00215549	0.00190094	0.0015915	0.00123588	0.000844408	0.000428399	
-0.000439749	-0.000865328	-0.00126293	-0.00162012	-0.00192589	-0.00217149	-0.00235093	-0.00246114	-0.00250229	-0.00247783	-0.00239413	-0.00225986	-0.00208555	-0.00188262	-0.00166227	0.00166227	0.00188262	0.00208555	0.00225986	0.00239413	0.00247783	0.00250229	0.00246114	0.00235093	0.00217149	0.00192589	0.00162012	0.00126293	0.000865328	0.000439749	
-0.00044756	-0.000879261	-0.0012799	-0.0016359	-0.00193582	-0.00217096	-0.00233592	-0.00242884	-0.00245127	-0.00240817	-0.00230748	-0.00215915	-0.00197454	-0.00176547	-0.00154319	0.00154319	0.00176547	0.00197454	0.00215915	0.00230748	0.00240817	0.00245127	0.00242884	0.00233592	0.00217096	0.00193582	0.0016359	0.0012799	0.000879261	0.00044756	
-0.000451409	-0.000885435	-0.00128571	-0.00163767	-0.00192956	-0.00215291	-0.00230292	-0.00237894	-0.00238388	-0.00232412	-0.00220892	-0.00204937	-0.00185742	-0.00164503	-0.00142329	0.00142329	0.00164503	0.00185742	0.00204937	0.00220892	0.00232412	0.00238388	0.00237894	0.00230292	0.00215291	0.00192956	0.00163767	0.00128571	0.000885435	0.000451409	
-0.000450917	-0.000883179	-0.00127946	-0.00162444	-0.00190618	-0.00211654	-0.00225144	-0.00231128	-0.00230033	-0.00222623	-0.00209929	-0.0019315	-0.00173519	-0.00152225	-0.00130338	0.00130338	0.00152225	0.00173519	0.0019315	0.00209929	0.00222623	0.00230033	0.00231128	0.00225144	0.00211654	0.00190618	0.00162444	0.00127946	0.000883179	0.000450917	
-0.000445765	-0.000871935	-0.00126039	-0.00159541	-0.00186498	-0.00206132	-0.00218121	-0.00222594	-0.00220101	-0.00211514	-0.00197945	-0.00180651	-0.00160881	-0.00139799	-0.00118419	0.00118419	0.00139799	0.00160881	0.00180651	0.00197945	0.00211514	0.00220101	0.00222594	0.00218121	0.00206132	0.00186498	0.00159541	0.00126039	0.000871935	0.000445765	
-0.000435719	-0.000851271	-0.00122798	-0.00155004	-0.00180548	-0.00198701	-0.00209221	-0.0021232	-0.00208647	-0.00199161	-0.00185031	-0.00167533	-0.00147915	-0.00127299	-0.00106628	0.00106628	0.00127299	0.00147915	0.00167533	0.00185031	0.00199161	0.00208647	0.0021232	0.00209221	0.00198701	0.00180548	0.00155004	0.00122798	0.000851271	0.000435719	
-0.000420635	-0.000820904	-0.00118192	-0.00148802	-0.00172752	-0.00189363	-0.00198467	-0.00200354	-0.00195741	-0.00185648	-0.00171276	-0.00153886	-0.001347	-0.00114785	-0.000950021	0.000950021	0.00114785	0.001347	0.00153886	0.00171276	0.00185648	0.00195741	0.00200354	0.00198467	0.00189363	0.00172752	0.00148802	0.00118192	0.000820904	0.000420635	
-0.000400465	-0.000780732	-0.00112214	-0.00140937	-0.00163123	-0.0017815	-0.00185911	-0.00186765	-0.00181466	-0.00171066	-0.00156766	-0.0013979	-0.00121302	-0.00102304	-0.000835644	0.000835644	0.00102304	0.00121302	0.0013979	0.00156766	0.00171066	0.00181466	0.00186765	0.00185911	0.0017815	0.00163123	0.00140937	0.00112214	0.000780732	0.000400465	
-0.000375249	-0.000730854	-0.00104883	-0.00131439	-0.00151706	-0.00165122	-0.0017163	-0.00171638	-0.00165917	-0.0015551	-0.00141588	-0.00125317	-0.00107777	-0.000898878	-0.000723188	0.000723188	0.000898878	0.00107777	0.00125317	0.00141588	0.0015551	0.00165917	0.00171638	0.0017163	0.00165122	0.00151706	0.00131439	0.00104883	0.000730854	0.000375249	
-0.000345127	-0.000671577	-0.000962432	-0.00120371	-0.00138578	-0.00150369	-0.00155725	-0.00155081	-0.00149198	-0.00139077	-0.00125824	-0.00110527	-0.000941648	-0.000775518	-0.000612533	0.000612533	0.000775518	0.000941648	0.00110527	0.00125824	0.00139077	0.00149198	0.00155081	0.00155725	0.00150369	0.00138578	0.00120371	0.000962432	0.000671577	0.000345127	
-0.000310339	-0.00060341	-0.000863648	-0.00107823	-0.00123847	-0.00134008	-0.00138322	-0.00137215	-0.0013142	-0.00121861	-0.00109548	-0.000954707	-0.000804896	-0.000652944	-0.000503407	0.000503407	0.000652944	0.000804896	0.000954707	0.00109548	0.00121861	0.0013142	0.00137215	0.00138322	0.00134008	0.00123847	0.00107823	0.000863648	0.00060341	0.000310339	
-0.000271239	-0.000527042	-0.000753461	-0.000939185	-0.00107652	-0.00116187	-0.00119565	-0.00118178	-0.00112702	-0.00103957	-0.000928321	-0.00080189	-0.000667609	-0.000530972	-0.000395402	0.000395402	0.000530972	0.000667609	0.00080189	0.000928321	0.00103957	0.00112702	0.00118178	0.00119565	0.00116187	0.00107652	0.000939185	0.000753461	0.000527042	0.000271239	
-0.000228282	-0.000443334	-0.000633109	-0.000788052	-0.000901583	-0.000970777	-0.000996177	-0.000981199	-0.000931673	-0.000854594	-0.000757369	-0.000647113	-0.000529733	-0.000409268	-0.00028798	0.00028798	0.000409268	0.000529733	0.000647113	0.000757369	0.000854594	0.000931673	0.000981199	0.000996177	0.000970777	0.000901583	0.000788052	0.000633109	0.000443334	0.000228282	
-0.000182021	-0.000353313	-0.000504058	-0.000626575	-0.000715573	-0.000768745	-0.00078662	-0.000771988	-0.000729444	-0.000664582	-0.000583161	-0.000490556	-0.000391087	-0.000287357	-0.000180482	0.000180482	0.000287357	0.000391087	0.000490556	0.000583161	0.000664582	0.000729444	0.000771988	0.00078662	0.000768745	0.000715573	0.000626575	0.000504058	0.000353313	0.000182021	
-0.00013308	-0.00025816	-0.000367956	-0.000456726	-0.000520615	-0.000557896	-0.000568944	-0.000555805	-0.000521641	-0.000470434	-0.00040616	-0.000332285	-0.000251377	-0.000164662	-7.21413e-005	7.21413e-005	0.000164662	0.000251377	0.000332285	0.00040616	0.000470434	0.000521641	0.000555805	0.000568944	0.000557896	0.000520615	0.000456726	0.000367956	0.00025816	0.00013308	
-8.21405e-005	-0.000159189	-0.000226602	-0.000280662	-0.00031901	-0.000340495	-0.000345227	-0.000334371	-0.00030958	-0.000273023	-0.000226761	-0.000172257	-0.000110216	-4.05158e-005	3.79024e-005	-3.79024e-005	4.05158e-005	0.000110216	0.000172257	0.000226761	0.000273023	0.00030958	0.000334371	0.000345227	0.000340495	0.00031901	0.000280662	0.000226602	0.000159189	8.21403e-005	
-2.99287e-005	-5.78111e-005	-8.19133e-005	-0.000100674	-0.000113194	-0.000118909	-0.000117616	-0.000109456	-9.4581e-005	-7.31876e-005	-4.53032e-005	-1.03469e-005	3.28579e-005	8.58075e-005	0.000150577	-0.000150577	-8.58075e-005	-3.28579e-005	1.03469e-005	4.53032e-005	7.31876e-005	9.4581e-005	0.000109456	0.000117616	0.000118909	0.000113194	0.000100674	8.19133e-005	5.78111e-005	2.99284e-005	
2.27945e-005	4.45106e-005	6.41098e-005	8.08724e-005	9.43218e-005	0.000104427	0.000111709	0.000117136	0.000122046	0.000128269	0.000137921	0.000153624	0.000178366	0.000215083	0.000266846	-0.000266846	-0.000215083	-0.000178366	-0.000153624	-0.000137921	-0.000128269	-0.000122046	-0.000117136	-0.000111709	-0.000104427	-9.43218e-005	-8.08724e-005	-6.41098e-005	-4.45106e-005	-2.27948e-005	
7.52487e-005	0.000146304	0.000209424	0.000261592	0.000301002	0.000327058	0.000340571	0.000343599	0.000339001	0.000330582	0.000322657	0.000319852	0.000326865	0.000348116	0.000387675	-0.000387675	-0.000348116	-0.000326865	-0.000319852	-0.000322657	-0.000330582	-0.000339001	-0.000343599	-0.000340571	-0.000327058	-0.000301002	-0.000261592	-0.000209424	-0.000146304	-7.52489e-005	
0.000126656	0.000246115	0.000352003	0.000439125	0.000504347	0.000546556	0.000566814	0.000568157	0.000555002	0.000533019	0.000508671	0.000488532	0.00047892	0.000485722	0.000514001	-0.000514001	-0.000485722	-0.00047892	-0.000488532	-0.000508671	-0.000533019	-0.000555002	-0.000568157	-0.000566814	-0.000546556	-0.000504347	-0.000439125	-0.000352003	-0.000246115	-0.000126656	
0.000176266	0.000342536	0.000489894	0.000611188	0.000701944	0.000760572	0.000788333	0.000789094	0.000768798	0.000734865	0.000695737	0.000659842	0.000635075	0.000628693	0.000646705	-0.000646705	-0.000628693	-0.000635075	-0.000659842	-0.000695737	-0.000734865	-0.000768798	-0.000789094	-0.000788333	-0.000760572	-0.000701944	-0.000611188	-0.000489894	-0.000342537	-0.000176266	
0.000223379	0.000434234	0.000621276	0.000775624	0.000891516	0.000966878	0.00100311	0.00100477	0.000979187	0.000935413	0.00088361	0.000833931	0.000795822	0.000777756	0.000786589	-0.000786589	-0.000777756	-0.000795822	-0.000833931	-0.00088361	-0.000935413	-0.000979187	-0.00100477	-0.00100311	-0.000966878	-0.000891516	-0.000775624	-0.000621276	-0.000434234	-0.00022338	
0.000267365	0.000519984	0.000744491	0.000930454	0.00107096	0.00116341	0.00120925	0.00121364	0.00118503	0.00113396	0.00107201	0.00101091	0.000961575	0.000933538	0.000934355	-0.000934355	-0.000933538	-0.000961575	-0.00101091	-0.00107201	-0.00113396	-0.00118503	-0.00121364	-0.00120925	-0.00116341	-0.00107096	-0.000930454	-0.000744491	-0.000519984	-0.000267366	
0.000307668	0.000598712	0.000858079	0.00107393	0.00123841	0.0013483	0.00140504	0.00141427	0.00138527	0.00132979	0.00126063	0.00119083	0.00113265	0.00109653	0.00109058	-0.00109058	-0.00109653	-0.00113265	-0.00119083	-0.00126063	-0.00132979	-0.00138527	-0.00141427	-0.00140504	-0.0013483	-0.00123841	-0.00107393	-0.000858079	-0.000598712	-0.000307669	
0.000343819	0.000669528	0.000960798	0.00120458	0.00139222	0.00151992	0.00158896	0.00160535	0.00157889	0.0015222	0.00144908	0.00137365	0.00130923	0.00126705	0.00125569	-0.00125569	-0.00126705	-0.00130923	-0.00137365	-0.00144908	-0.0015222	-0.00157889	-0.00160535	-0.00158896	-0.00151992	-0.00139222	-0.00120458	-0.000960798	-0.000669528	-0.000343819	
