0	0	0	0	0	0	0	0	0	0	
0	0	0	0	0	0	0	0	0	0	
0	0	0	0	0	0	0	0	0	0	
0	0	0	0	0	0	0	0	0	0	
0	0	0	0	0	0	0	0	0	0	
0	0	0	0	0	0	0	0	0	0	
0	0	0	0	0	0	0	0	0	0	
0	0	0	0	0	0	0	0	0	0	
0	0	0	0	0	0	0	0	0	0	
0	0	0	0	0	0	0	0	0	0	
0	0	0	0	0	0	0	0	0	0	
0	0	0	0	0	0	0	0	0	0	
0	0	0	0	0	0	0	0	0	0	
0	0	0	0	0	0	0	0	0	0	
0	0	0	0	0	0	0	0	0	0	
0	0	0	0	0	0	0	0	0	4.25776e-024	
0	0	0	0	0	0	0	0	3.09588e-032	1.06772e-022	
0	0	0	0	0	0	0	2.16817e-040	8.38247e-031	1.3581e-021	
0	0	0	0	0	0	0	6.30327e-039	1.15198e-029	1.16694e-020	
0	0	0	0	0	0	0	9.30409e-038	1.07042e-028	7.61177e-020	
0	0	0	0	0	0	0	9.29058e-037	7.55951e-028	4.01624e-019	
0	0	0	0	0	0	7.00649e-045	7.05562e-036	4.32461e-027	1.78379e-018	
0	0	0	0	0	0	5.74532e-044	4.34421e-035	2.08606e-026	6.85296e-018	
0	0	0	0	0	0	3.75548e-043	2.25763e-034	8.72121e-026	2.32265e-017	
0	0	0	0	0	0	2.08513e-042	1.01806e-033	3.22394e-025	7.04917e-017	
0	0	0	0	0	0	1.00697e-041	4.06471e-033	1.06994e-024	1.93822e-016	
0	0	0	0	0	0	4.30913e-041	1.45911e-032	3.2262e-024	4.87368e-016	
0	0	0	0	0	0	1.6594e-040	4.76653e-032	8.92443e-024	1.12945e-015	
0	0	0	0	0	0	5.82045e-040	1.43095e-031	2.28305e-023	2.42829e-015	
0	0	0	0	0	0	1.87795e-039	3.97993e-031	5.43817e-023	4.8715e-015	
0	0	0	0	0	0	5.61922e-039	1.03262e-030	1.21329e-022	9.16703e-015	
0	0	0	0	0	0	1.57006e-038	2.51416e-030	2.54877e-022	1.62609e-014	
0	0	0	0	0	0	4.12065e-038	5.77414e-030	5.06552e-022	2.73221e-014	
0	0	0	0	0	0	1.02109e-037	1.25673e-029	9.56687e-022	4.37008e-014	
0	0	0	0	0	1.4013e-045	2.39987e-037	2.60304e-029	1.72421e-021	6.68851e-014	
0	0	0	0	0	2.8026e-045	5.37159e-037	5.15094e-029	2.97745e-021	9.85008e-014	
0	0	0	0	0	7.00649e-045	1.14925e-036	9.77279e-029	4.94589e-021	1.404e-013	
0	0	0	0	0	1.68156e-044	2.35826e-036	1.7838e-028	7.93361e-021	1.94861e-013	
0	0	0	0	0	3.64338e-044	4.65567e-036	3.14237e-028	1.23358e-020	2.64888e-013	
0	0	0	0	0	7.84727e-044	8.86842e-036	5.35886e-028	1.86604e-020	3.54537e-013	
0	0	0	0	0	1.61149e-043	1.63439e-035	8.87241e-028	2.75579e-020	4.69212e-013	
0	0	0	0	0	3.19496e-043	2.92153e-035	1.43004e-027	3.98598e-020	6.1585e-013	
0	0	0	0	0	6.10966e-043	5.07738e-035	2.24959e-027	5.66298e-020	8.03017e-013	
0	0	0	0	0	1.13505e-042	8.59819e-035	3.46212e-027	7.92251e-020	1.04098e-012	
0	0	0	0	0	2.0515e-042	1.42172e-034	5.22413e-027	1.09371e-019	1.34189e-012	
0	0	0	0	0	3.61535e-042	2.29986e-034	7.74432e-027	1.4925e-019	1.72008e-012	
0	0	0	0	0	6.22597e-042	3.64624e-034	1.12986e-026	2.01604e-019	2.19265e-012	
0	0	0	0	0	1.04929e-041	5.67497e-034	1.62491e-026	2.69858e-019	2.78007e-012	
0	0	0	0	0	1.73313e-041	8.6839e-034	2.30677e-026	3.58272e-019	3.50686e-012	
0	0	0	0	0	2.80974e-041	1.30828e-033	3.23652e-026	4.72113e-019	4.40204e-012	
0	0	0	0	0	4.47701e-041	1.94296e-033	4.4928e-026	6.1787e-019	5.49961e-012	
0	0	0	0	0	7.01952e-041	2.84777e-033	6.17624e-026	8.03498e-019	6.83889e-012	
0	0	0	0	0	1.08427e-040	4.12351e-033	8.41497e-026	1.0387e-018	8.46498e-012	
0	0	0	0	0	1.65165e-040	5.90412e-033	1.13712e-025	1.33527e-018	1.04294e-011	
0	0	0	0	0	2.48352e-040	8.36628e-033	1.52496e-025	1.70743e-018	1.27906e-011	
0	0	0	0	0	3.68945e-040	1.17415e-032	2.03066e-025	2.17229e-018	1.5615e-011	
0	0	0	0	0	5.4194e-040	1.63314e-032	2.68626e-025	2.75031e-018	1.89771e-011	
0	0	0	0	0	7.87685e-040	2.25267e-032	3.53157e-025	3.46585e-018	2.29599e-011	
0	0	0	0	0	1.1336e-039	3.08304e-032	4.61588e-025	4.34776e-018	2.76551e-011	
0	0	0	0	0	1.61636e-039	4.18876e-032	5.99989e-025	5.43005e-018	3.31628e-011	
0	0	0	0	0	2.28471e-039	5.65204e-032	7.75808e-025	6.75259e-018	3.95919e-011	
0	0	0	0	0	3.20306e-039	7.57726e-032	9.9814e-025	8.36194e-018	4.70596e-011	
0	0	0	0	0	4.45598e-039	1.00963e-031	1.27805e-024	1.03122e-017	5.5691e-011	
0	0	0	0	0	6.15394e-039	1.3375e-031	1.62895e-024	1.26658e-017	6.56185e-011	
0	0	0	0	0	8.44048e-039	1.7621e-031	2.067e-024	1.54946e-017	7.69811e-011	
0	0	0	0	0	1.15012e-038	2.30936e-031	2.61163e-024	1.88808e-017	8.99221e-011	
0	0	0	0	0	1.55747e-038	3.01144e-031	3.28608e-024	2.29182e-017	1.04588e-010	
0	0	0	0	0	2.0967e-038	3.90818e-031	4.11807e-024	2.77128e-017	1.21128e-010	
0	0	0	0	0	2.80678e-038	5.04864e-031	5.14046e-024	3.33843e-017	1.39687e-010	
0	0	0	0	0	3.73722e-038	6.49308e-031	6.39214e-024	4.00668e-017	1.60412e-010	
0	0	0	0	0	4.95063e-038	8.31519e-031	7.9189e-024	4.79104e-017	1.83439e-010	
0	0	0	0	1.4013e-045	6.52581e-038	1.06048e-030	9.77445e-024	5.70814e-017	2.08899e-010	
0	0	0	0	2.8026e-045	8.56167e-038	1.34709e-030	1.20216e-023	6.7764e-017	2.36909e-010	
0	0	0	0	4.2039e-045	1.11818e-037	1.70454e-030	1.47334e-023	8.01605e-017	2.67572e-010	
0	0	0	0	5.60519e-045	1.454e-037	2.14874e-030	1.79946e-023	9.44926e-017	3.00974e-010	
0	0	0	0	7.00649e-045	1.88273e-037	2.69879e-030	2.19032e-023	1.11002e-016	3.37178e-010	
0	0	0	0	8.40779e-045	2.42795e-037	3.37758e-030	2.65719e-023	1.29949e-016	3.76224e-010	
0	0	0	0	1.12104e-044	3.11874e-037	4.2124e-030	3.21301e-023	1.51616e-016	4.18128e-010	
0	0	0	0	1.54143e-044	3.99078e-037	5.2357e-030	3.87256e-023	1.76307e-016	4.62875e-010	
0	0	0	0	1.96182e-044	5.08776e-037	6.48599e-030	4.65268e-023	2.04343e-016	5.10419e-010	
0	0	0	0	2.52234e-044	6.46294e-037	8.00871e-030	5.57246e-023	2.36068e-016	5.60685e-010	
0	0	0	0	3.22299e-044	8.18108e-037	9.85743e-030	6.65351e-023	2.71843e-016	6.13562e-010	
0	0	0	0	4.2039e-044	1.03207e-036	1.2095e-029	7.92018e-023	3.12052e-016	6.68909e-010	
0	0	0	0	5.46506e-044	1.29765e-036	1.4795e-029	9.3998e-023	3.57092e-016	7.26551e-010	
0	0	0	0	7.00649e-044	1.62628e-036	1.80432e-029	1.1123e-022	4.07378e-016	7.86285e-010	
0	0	0	0	8.96831e-044	2.03167e-036	2.19396e-029	1.31239e-022	4.6334e-016	8.47875e-010	
0	0	0	0	1.14906e-043	2.53025e-036	2.65998e-029	1.54404e-022	5.25423e-016	9.11061e-010	
0	0	0	0	1.47136e-043	3.1416e-036	3.21579e-029	1.81147e-022	5.9408e-016	9.75558e-010	
0	0	0	0	1.86373e-043	3.88907e-036	3.87681e-029	2.11933e-022	6.69775e-016	1.04106e-009	
0	0	0	0	2.36819e-043	4.80036e-036	4.6608e-029	2.47274e-022	7.52979e-016	1.10726e-009	
0	0	0	0	2.98477e-043	5.90823e-036	5.5881e-029	2.87732e-022	8.44166e-016	1.17381e-009	
0	0	0	0	3.75548e-043	7.2514e-036	6.68198e-029	3.33925e-022	9.43815e-016	1.24038e-009	
0	0	0	0	4.70836e-043	8.87541e-036	7.96896e-029	3.86523e-022	1.0524e-015	1.30664e-009	
0	0	0	0	5.88545e-043	1.08338e-035	9.47919e-029	4.4626e-022	1.1704e-015	1.37224e-009	
0	0	0	0	7.3428e-043	1.31891e-035	1.12469e-028	5.13931e-022	1.29829e-015	1.43688e-009	
0	0	0	0	9.12245e-043	1.60145e-035	1.33107e-028	5.90395e-022	1.43651e-015	1.50023e-009	
0	0	0	0	1.13225e-042	1.93953e-035	1.57143e-028	6.76584e-022	1.58554e-015	1.562e-009	
0	0	0	0	1.3999e-042	2.34305e-035	1.85069e-028	7.73497e-022	1.7458e-015	1.62192e-009	
0	0	0	0	1.7264e-042	2.82349e-035	2.17435e-028	8.82209e-022	1.91773e-015	1.67975e-009	
0	0	0	0	2.12297e-042	3.39413e-035	2.54859e-028	1.00387e-021	2.10173e-015	1.73528e-009	
